   .0001      .000000
   .0503      .000000
   .1013     -.000002
   .1512     -.000017
   .2016     -.000072
   .2525     -.000219
   .3008     -.000523
   .3539     -.001169
   .4010     -.002163
   .4544     -.003987
   .5022     -.006476
   .5550     -.010461
   .6057     -.015818
   .6529     -.022408
   .7038     -.031503
   .7586     -.043842
   .8075     -.057160
   .8596     -.073623
   .9037     -.089144
   .9619     -.111185
  1.0113     -.130205
  1.0631     -.149144
  1.1037     -.162066
  1.1603     -.175108
  1.2047     -.179406
  1.2507     -.176417
  1.3148     -.156110
  1.3651     -.124383
  1.4173     -.074721
  1.4531     -.030098
  1.5087      .055838
  1.5663      .165325
  1.6060      .250809
  1.6673      .394647
  1.7095      .497665
  1.7528      .602607
  1.8198      .754184
  1.8659      .843886
  1.9131      .917987
  1.9615      .970913
  2.0112      .997679
  2.0621      .994482
  2.1143      .959317
  2.1678      .892507
  2.2227      .797065
  2.2507      .740317
  2.3077      .613634
  2.3661      .477447
  2.4260      .342667
  2.4565      .279335
  2.5187      .167371
  2.5504      .120954
  2.6149      .051022
  2.6811      .012671
  2.7149      .004016
  2.7836      .000000
  2.8186      .000000
  2.8541      .000000
  2.9263      .000000
  2.9631      .000000
  3.0004      .000000
  3.0763      .000000
  3.1150      .000000
  3.1542      .000000
  3.2341      .000000
  3.2748      .000000
  3.3159      .000000
  3.3577      .000000
  3.4427      .000000
  3.4860      .000000
  3.5298      .000000
  3.5742      .000000
  3.6192      .000000
  3.6647      .000000
  3.7108      .000000
  3.7575      .000000
  3.8047      .000000
  3.8526      .000000
  3.9010      .000000
  3.9501      .000000
  4.0501      .000000
  4.1011      .000000
  4.1526      .000000
  4.2049      .000000
  4.2578      .000000
  4.3113      .000000
  4.3656      .000000
  4.4205      .000000
  4.4761      .000000
  4.5324      .000000
  4.5894      .000000
  4.6471      .000000
  4.7056      .000000
  4.7648      .000000
  4.8247      .000000
  4.8854      .000000
  4.9468      .000000
  5.0091      .000000
  5.0721      .000000
  5.1359      .000000
  5.2005      .000000
  5.2659      .000000
  5.3321      .000000
  5.3992      .000000
  5.4671      .000000
  5.5359      .000000
  5.6055      .000000
  5.6760      .000000
  5.7474      .000000
  5.8197      .000000
  5.8929      .000000
  5.9670      .000000
  6.0421      .000000
  6.1181      .000000
  6.1950      .000000
  6.2730      .000000
  6.3519      .000000
  6.4318      .000000
  6.5127      .000000
  6.5946      .000000
  6.6775      .000000
  6.7615      .000000
  6.8466      .000000
  6.9327      .000000
  7.0199      .000000
  7.1082      .000000
  7.1976      .000000
  7.2881      .000000
  7.3798      .000000
  7.4727      .000000
  7.5666      .000000
  7.6618      .000000
  7.7582      .000000
  7.8558      .000000
  7.9546      .000000
  8.0547      .000000
  8.1560      .000000
  8.2586      .000000
  8.3624      .000000
  8.4676      .000000
  8.5741      .000000
  8.6820      .000000
  8.7912      .000000
  8.9018      .000000
  9.0137      .000000
  9.1271      .000000
  9.2419      .000000
  9.3582      .000000
  9.4759      .000000
  9.5951      .000000
  9.7158      .000000
  9.8380      .000000
  9.9617      .000000
 10.0870      .000000
 10.2139      .000000
 10.3424      .000000
 10.4725      .000000
 10.6042      .000000
 10.7376      .000000
 10.8727      .000000
 11.0094      .000000
 11.1479      .000000
 11.2881      .000000
 11.4301      .000000
 11.5739      .000000
 11.7195      .000000
 11.8669      .000000
 12.0162      .000000
 12.1673      .000000
 12.3204      .000000
 12.4753      .000000
 12.6322      .000000
 12.7911      .000000
 12.9520      .000000
 13.1149      .000000
 13.2799      .000000
 13.4470      .000000
 13.6161      .000000
 13.7874      .000000
 13.9608      .000000
 14.1364      .000000
 14.3142      .000000
 14.4943      .000000
 14.6766      .000000
 14.8612      .000000
 15.0481      .000000
 15.2374      .000000
 15.4291      .000000
 15.6231      .000000
 15.8197      .000000
 16.0186      .000000
 16.2201      .000000
 16.4242      .000000
 16.6308      .000000
 16.8399      .000000
 17.0518      .000000
 17.2662      .000000
 17.4834      .000000
 17.7033      .000000
 17.9260      .000000
 18.1515      .000000
 18.3798      .000000
 18.6110      .000000
 18.8451      .000000
 19.0822      .000000
 19.3222      .000000
 19.5652      .000000
 19.8113      .000000
 20.0605      .000000
 20.3129      .000000
 20.5684      .000000
 20.8271      .000000
 21.0891      .000000
 21.3543      .000000
 21.6229      .000000
 21.8949      .000000
 22.1703      .000000
 22.4492      .000000
 22.7316      .000000
 23.0175      .000000
 23.3070      .000000
 23.6002      .000000
 23.8970      .000000
 24.1976      .000000
 24.5020      .000000
 24.8102      .000000
 25.1223      .000000
 25.4383      .000000
 25.7582      .000000
 26.0822      .000000
 26.4103      .000000
 26.7425      .000000
 marker ppt
   .0001      .000000
   .0503      .000000
   .1013      .000000
   .1512      .000000
   .2016     -.000001
   .2525     -.000007
   .3008     -.000023
   .3539     -.000069
   .4010     -.000163
   .4544     -.000379
   .5022     -.000739
   .5550     -.001427
   .6057     -.002514
   .6529     -.004045
   .7038     -.006437
   .7586     -.010102
   .8075     -.014512
   .8596     -.020535
   .9037     -.026754
   .9619     -.036491
  1.0113     -.045847
  1.0631     -.056330
  1.1037     -.064556
  1.1603     -.075080
  1.2047     -.081626
  1.2507     -.085767
  1.3148     -.084824
  1.3651     -.076621
  1.4173     -.059209
  1.4531     -.041065
  1.5087     -.001775
  1.5663      .054688
  1.6060      .103179
  1.6673      .193505
  1.7095      .265618
  1.7528      .346760
  1.8198      .482709
  1.8659      .579686
  1.9131      .677953
  1.9615      .773069
  2.0112      .859530
  2.0621      .930896
  2.1143      .980101
  2.1678     1.000000
  2.2227      .984196
  2.2507      .961388
  2.3077      .884566
  2.3661      .767501
  2.4260      .616913
  2.4565      .533001
  2.5187      .359740
  2.5504      .276278
  2.6149      .131939
  2.6811      .037210
  2.7149      .012582
  2.7836      .000000
  2.8186      .000000
  2.8541      .000000
  2.9263      .000000
  2.9631      .000000
  3.0004      .000000
  3.0763      .000000
  3.1150      .000000
  3.1542      .000000
  3.2341      .000000
  3.2748      .000000
  3.3159      .000000
  3.3577      .000000
  3.4427      .000000
  3.4860      .000000
  3.5298      .000000
  3.5742      .000000
  3.6192      .000000
  3.6647      .000000
  3.7108      .000000
  3.7575      .000000
  3.8047      .000000
  3.8526      .000000
  3.9010      .000000
  3.9501      .000000
  4.0501      .000000
  4.1011      .000000
  4.1526      .000000
  4.2049      .000000
  4.2578      .000000
  4.3113      .000000
  4.3656      .000000
  4.4205      .000000
  4.4761      .000000
  4.5324      .000000
  4.5894      .000000
  4.6471      .000000
  4.7056      .000000
  4.7648      .000000
  4.8247      .000000
  4.8854      .000000
  4.9468      .000000
  5.0091      .000000
  5.0721      .000000
  5.1359      .000000
  5.2005      .000000
  5.2659      .000000
  5.3321      .000000
  5.3992      .000000
  5.4671      .000000
  5.5359      .000000
  5.6055      .000000
  5.6760      .000000
  5.7474      .000000
  5.8197      .000000
  5.8929      .000000
  5.9670      .000000
  6.0421      .000000
  6.1181      .000000
  6.1950      .000000
  6.2730      .000000
  6.3519      .000000
  6.4318      .000000
  6.5127      .000000
  6.5946      .000000
  6.6775      .000000
  6.7615      .000000
  6.8466      .000000
  6.9327      .000000
  7.0199      .000000
  7.1082      .000000
  7.1976      .000000
  7.2881      .000000
  7.3798      .000000
  7.4727      .000000
  7.5666      .000000
  7.6618      .000000
  7.7582      .000000
  7.8558      .000000
  7.9546      .000000
  8.0547      .000000
  8.1560      .000000
  8.2586      .000000
  8.3624      .000000
  8.4676      .000000
  8.5741      .000000
  8.6820      .000000
  8.7912      .000000
  8.9018      .000000
  9.0137      .000000
  9.1271      .000000
  9.2419      .000000
  9.3582      .000000
  9.4759      .000000
  9.5951      .000000
  9.7158      .000000
  9.8380      .000000
  9.9617      .000000
 10.0870      .000000
 10.2139      .000000
 10.3424      .000000
 10.4725      .000000
 10.6042      .000000
 10.7376      .000000
 10.8727      .000000
 11.0094      .000000
 11.1479      .000000
 11.2881      .000000
 11.4301      .000000
 11.5739      .000000
 11.7195      .000000
 11.8669      .000000
 12.0162      .000000
 12.1673      .000000
 12.3204      .000000
 12.4753      .000000
 12.6322      .000000
 12.7911      .000000
 12.9520      .000000
 13.1149      .000000
 13.2799      .000000
 13.4470      .000000
 13.6161      .000000
 13.7874      .000000
 13.9608      .000000
 14.1364      .000000
 14.3142      .000000
 14.4943      .000000
 14.6766      .000000
 14.8612      .000000
 15.0481      .000000
 15.2374      .000000
 15.4291      .000000
 15.6231      .000000
 15.8197      .000000
 16.0186      .000000
 16.2201      .000000
 16.4242      .000000
 16.6308      .000000
 16.8399      .000000
 17.0518      .000000
 17.2662      .000000
 17.4834      .000000
 17.7033      .000000
 17.9260      .000000
 18.1515      .000000
 18.3798      .000000
 18.6110      .000000
 18.8451      .000000
 19.0822      .000000
 19.3222      .000000
 19.5652      .000000
 19.8113      .000000
 20.0605      .000000
 20.3129      .000000
 20.5684      .000000
 20.8271      .000000
 21.0891      .000000
 21.3543      .000000
 21.6229      .000000
 21.8949      .000000
 22.1703      .000000
 22.4492      .000000
 22.7316      .000000
 23.0175      .000000
 23.3070      .000000
 23.6002      .000000
 23.8970      .000000
 24.1976      .000000
 24.5020      .000000
 24.8102      .000000
 25.1223      .000000
 25.4383      .000000
 25.7582      .000000
 26.0822      .000000
 26.4103      .000000
 26.7425      .000000
 marker pdt
   .0001     -.000081
   .0503     -.040458
   .1013     -.081455
   .1512     -.121390
   .2016     -.161530
   .2525     -.201732
   .3008     -.239432
   .3539     -.280123
   .4010     -.315347
   .4544     -.353881
   .5022     -.386750
   .5550     -.420791
   .6057     -.450681
   .6529     -.475437
   .7038     -.498213
   .7586     -.517409
   .8075     -.529107
   .8596     -.535148
   .9037     -.534535
   .9619     -.524907
  1.0113     -.508364
  1.0631     -.482265
  1.1037     -.455455
  1.1603     -.408843
  1.2047     -.365044
  1.2507     -.313278
  1.3148     -.231802
  1.3651     -.161860
  1.4173     -.085401
  1.4531     -.031592
  1.5087      .051699
  1.5663      .135435
  1.6060      .189715
  1.6673      .265677
  1.7095      .310677
  1.7528      .349517
  1.8198      .393264
  1.8659      .411026
  1.9131      .418615
  1.9615      .415537
  2.0112      .401762
  2.0621      .377795
  2.1143      .344715
  2.1678      .304173
  2.2227      .258341
  2.2507      .234236
  2.3077      .185391
  2.3661      .138099
  2.4260      .095134
  2.4565      .076049
  2.5187      .043897
  2.5504      .031164
  2.6149      .012708
  2.6811      .003057
  2.7149      .000955
  2.7836      .000000
  2.8186      .000000
  2.8541      .000000
  2.9263      .000000
  2.9631      .000000
  3.0004      .000000
  3.0763      .000000
  3.1150      .000000
  3.1542      .000000
  3.2341      .000000
  3.2748      .000000
  3.3159      .000000
  3.3577      .000000
  3.4427      .000000
  3.4860      .000000
  3.5298      .000000
  3.5742      .000000
  3.6192      .000000
  3.6647      .000000
  3.7108      .000000
  3.7575      .000000
  3.8047      .000000
  3.8526      .000000
  3.9010      .000000
  3.9501      .000000
  4.0501      .000000
  4.1011      .000000
  4.1526      .000000
  4.2049      .000000
  4.2578      .000000
  4.3113      .000000
  4.3656      .000000
  4.4205      .000000
  4.4761      .000000
  4.5324      .000000
  4.5894      .000000
  4.6471      .000000
  4.7056      .000000
  4.7648      .000000
  4.8247      .000000
  4.8854      .000000
  4.9468      .000000
  5.0091      .000000
  5.0721      .000000
  5.1359      .000000
  5.2005      .000000
  5.2659      .000000
  5.3321      .000000
  5.3992      .000000
  5.4671      .000000
  5.5359      .000000
  5.6055      .000000
  5.6760      .000000
  5.7474      .000000
  5.8197      .000000
  5.8929      .000000
  5.9670      .000000
  6.0421      .000000
  6.1181      .000000
  6.1950      .000000
  6.2730      .000000
  6.3519      .000000
  6.4318      .000000
  6.5127      .000000
  6.5946      .000000
  6.6775      .000000
  6.7615      .000000
  6.8466      .000000
  6.9327      .000000
  7.0199      .000000
  7.1082      .000000
  7.1976      .000000
  7.2881      .000000
  7.3798      .000000
  7.4727      .000000
  7.5666      .000000
  7.6618      .000000
  7.7582      .000000
  7.8558      .000000
  7.9546      .000000
  8.0547      .000000
  8.1560      .000000
  8.2586      .000000
  8.3624      .000000
  8.4676      .000000
  8.5741      .000000
  8.6820      .000000
  8.7912      .000000
  8.9018      .000000
  9.0137      .000000
  9.1271      .000000
  9.2419      .000000
  9.3582      .000000
  9.4759      .000000
  9.5951      .000000
  9.7158      .000000
  9.8380      .000000
  9.9617      .000000
 10.0870      .000000
 10.2139      .000000
 10.3424      .000000
 10.4725      .000000
 10.6042      .000000
 10.7376      .000000
 10.8727      .000000
 11.0094      .000000
 11.1479      .000000
 11.2881      .000000
 11.4301      .000000
 11.5739      .000000
 11.7195      .000000
 11.8669      .000000
 12.0162      .000000
 12.1673      .000000
 12.3204      .000000
 12.4753      .000000
 12.6322      .000000
 12.7911      .000000
 12.9520      .000000
 13.1149      .000000
 13.2799      .000000
 13.4470      .000000
 13.6161      .000000
 13.7874      .000000
 13.9608      .000000
 14.1364      .000000
 14.3142      .000000
 14.4943      .000000
 14.6766      .000000
 14.8612      .000000
 15.0481      .000000
 15.2374      .000000
 15.4291      .000000
 15.6231      .000000
 15.8197      .000000
 16.0186      .000000
 16.2201      .000000
 16.4242      .000000
 16.6308      .000000
 16.8399      .000000
 17.0518      .000000
 17.2662      .000000
 17.4834      .000000
 17.7033      .000000
 17.9260      .000000
 18.1515      .000000
 18.3798      .000000
 18.6110      .000000
 18.8451      .000000
 19.0822      .000000
 19.3222      .000000
 19.5652      .000000
 19.8113      .000000
 20.0605      .000000
 20.3129      .000000
 20.5684      .000000
 20.8271      .000000
 21.0891      .000000
 21.3543      .000000
 21.6229      .000000
 21.8949      .000000
 22.1703      .000000
 22.4492      .000000
 22.7316      .000000
 23.0175      .000000
 23.3070      .000000
 23.6002      .000000
 23.8970      .000000
 24.1976      .000000
 24.5020      .000000
 24.8102      .000000
 25.1223      .000000
 25.4383      .000000
 25.7582      .000000
 26.0822      .000000
 26.4103      .000000
 26.7425      .000000
 marker ppr
   .0001      .000000
   .0503     -.002767
   .1013     -.011211
   .1512     -.024872
   .2016     -.043984
   .2525     -.068506
   .3008     -.096380
   .3539     -.131783
   .4010     -.166946
   .4544     -.210367
   .5022     -.251735
   .5550     -.299228
   .6057     -.345510
   .6529     -.388010
   .7038     -.431975
   .7586     -.475588
   .8075     -.509709
   .8596     -.539481
   .9037     -.558261
   .9619     -.572491
  1.0113     -.573902
  1.0631     -.563879
  1.1037     -.547342
  1.1603     -.511246
  1.2047     -.472362
  1.2507     -.422442
  1.3148     -.337818
  1.3651     -.260678
  1.4173     -.172355
  1.4531     -.107832
  1.5087     -.003997
  1.5663      .105845
  1.6060      .180631
  1.6673      .291770
  1.7095      .362834
  1.7528      .429375
  1.8198      .516412
  1.8659      .562952
  1.9131      .597967
  1.9615      .619621
  2.0112      .626369
  2.0621      .617117
  2.1143      .591400
  2.1678      .549562
  2.2227      .492934
  2.2507      .459798
  2.3077      .385984
  2.3661      .305810
  2.4260      .224662
  2.4565      .185636
  2.5187      .114688
  2.5504      .084305
  2.6149      .036914
  2.6811      .009556
  2.7149      .003097
  2.7836      .000000
  2.8186      .000000
  2.8541      .000000
  2.9263      .000000
  2.9631      .000000
  3.0004      .000000
  3.0763      .000000
  3.1150      .000000
  3.1542      .000000
  3.2341      .000000
  3.2748      .000000
  3.3159      .000000
  3.3577      .000000
  3.4427      .000000
  3.4860      .000000
  3.5298      .000000
  3.5742      .000000
  3.6192      .000000
  3.6647      .000000
  3.7108      .000000
  3.7575      .000000
  3.8047      .000000
  3.8526      .000000
  3.9010      .000000
  3.9501      .000000
  4.0501      .000000
  4.1011      .000000
  4.1526      .000000
  4.2049      .000000
  4.2578      .000000
  4.3113      .000000
  4.3656      .000000
  4.4205      .000000
  4.4761      .000000
  4.5324      .000000
  4.5894      .000000
  4.6471      .000000
  4.7056      .000000
  4.7648      .000000
  4.8247      .000000
  4.8854      .000000
  4.9468      .000000
  5.0091      .000000
  5.0721      .000000
  5.1359      .000000
  5.2005      .000000
  5.2659      .000000
  5.3321      .000000
  5.3992      .000000
  5.4671      .000000
  5.5359      .000000
  5.6055      .000000
  5.6760      .000000
  5.7474      .000000
  5.8197      .000000
  5.8929      .000000
  5.9670      .000000
  6.0421      .000000
  6.1181      .000000
  6.1950      .000000
  6.2730      .000000
  6.3519      .000000
  6.4318      .000000
  6.5127      .000000
  6.5946      .000000
  6.6775      .000000
  6.7615      .000000
  6.8466      .000000
  6.9327      .000000
  7.0199      .000000
  7.1082      .000000
  7.1976      .000000
  7.2881      .000000
  7.3798      .000000
  7.4727      .000000
  7.5666      .000000
  7.6618      .000000
  7.7582      .000000
  7.8558      .000000
  7.9546      .000000
  8.0547      .000000
  8.1560      .000000
  8.2586      .000000
  8.3624      .000000
  8.4676      .000000
  8.5741      .000000
  8.6820      .000000
  8.7912      .000000
  8.9018      .000000
  9.0137      .000000
  9.1271      .000000
  9.2419      .000000
  9.3582      .000000
  9.4759      .000000
  9.5951      .000000
  9.7158      .000000
  9.8380      .000000
  9.9617      .000000
 10.0870      .000000
 10.2139      .000000
 10.3424      .000000
 10.4725      .000000
 10.6042      .000000
 10.7376      .000000
 10.8727      .000000
 11.0094      .000000
 11.1479      .000000
 11.2881      .000000
 11.4301      .000000
 11.5739      .000000
 11.7195      .000000
 11.8669      .000000
 12.0162      .000000
 12.1673      .000000
 12.3204      .000000
 12.4753      .000000
 12.6322      .000000
 12.7911      .000000
 12.9520      .000000
 13.1149      .000000
 13.2799      .000000
 13.4470      .000000
 13.6161      .000000
 13.7874      .000000
 13.9608      .000000
 14.1364      .000000
 14.3142      .000000
 14.4943      .000000
 14.6766      .000000
 14.8612      .000000
 15.0481      .000000
 15.2374      .000000
 15.4291      .000000
 15.6231      .000000
 15.8197      .000000
 16.0186      .000000
 16.2201      .000000
 16.4242      .000000
 16.6308      .000000
 16.8399      .000000
 17.0518      .000000
 17.2662      .000000
 17.4834      .000000
 17.7033      .000000
 17.9260      .000000
 18.1515      .000000
 18.3798      .000000
 18.6110      .000000
 18.8451      .000000
 19.0822      .000000
 19.3222      .000000
 19.5652      .000000
 19.8113      .000000
 20.0605      .000000
 20.3129      .000000
 20.5684      .000000
 20.8271      .000000
 21.0891      .000000
 21.3543      .000000
 21.6229      .000000
 21.8949      .000000
 22.1703      .000000
 22.4492      .000000
 22.7316      .000000
 23.0175      .000000
 23.3070      .000000
 23.6002      .000000
 23.8970      .000000
 24.1976      .000000
 24.5020      .000000
 24.8102      .000000
 25.1223      .000000
 25.4383      .000000
 25.7582      .000000
 26.0822      .000000
 26.4103      .000000
 26.7425      .000000
 marker pdr
   .0000      .000000
   .0600      .224897
   .1050      .392135
   .1650      .611314
   .2100      .771576
   .2550      .927250
   .3000     1.077417
   .3600     1.267556
   .4050     1.401522
   .4500     1.527220
   .5100     1.680727
   .5550     1.784450
   .6000     1.877757
   .6600     1.985105
   .7050     2.052279
   .7650     2.123436
   .8100     2.162685
   .8550     2.189661
   .9150     2.206428
   .9600     2.204631
  1.0050     2.190635
  1.0650     2.153334
  1.1100     2.111736
  1.1550     2.058855
  1.2150     1.971544
  1.2600     1.894107
  1.3050     1.807054
  1.3650     1.677112
  1.4100     1.570137
  1.4550     1.455812
  1.5150     1.293280
  1.5600     1.164851
  1.6050     1.031749
  1.6650      .848481
  1.7100      .707800
  1.7550      .565314
  1.8150      .374019
  1.8600      .230671
  1.9050      .088357
  1.9650     -.098379
  2.0100     -.235157
  2.0550     -.368296
  2.1150     -.538942
  2.1600     -.660919
  2.2050     -.777074
  2.2500     -.886854
  2.3100    -1.022454
  2.3550    -1.115511
  2.4000    -1.200747
  2.4600    -1.301704
  2.5050    -1.367594
  2.5500    -1.424869
  2.6100    -1.487657
  2.6550    -1.524514
  2.7000    -1.552627
  2.7600    -1.576663
  2.8050    -1.584799
  2.8500    -1.584683
  2.9100    -1.572144
  2.9550    -1.553853
  3.0000    -1.528336
  3.0600    -1.483763
  3.1050    -1.442980
  3.1500    -1.396408
  3.2100    -1.326157
  3.2550    -1.268015
  3.3000    -1.205783
  3.3600    -1.117375
  3.4050    -1.047700
  3.4500     -.975740
  3.5100     -.877172
  3.5550     -.801967
  3.6000     -.726240
  3.6600     -.625321
  3.7050     -.550286
  3.7500     -.476316
  3.8100     -.380078
  3.8550     -.310199
  3.9000     -.242692
  3.9600     -.156932
  4.0050     -.096171
  4.0500     -.038739
  4.1100      .032296
  4.1550      .081194
  4.2000      .126189
  4.2600      .179949
  4.3050      .215520
  4.3500      .246996
  4.4100      .282618
  4.4550      .304637
  4.5000      .322714
  4.5600      .340869
  4.6050      .350197
  4.6500      .356023
  4.7100      .358649
  4.7550      .357016
  4.8000      .352528
  4.8600      .342487
  4.9050      .332216
  4.9500      .319860
  5.0100      .300561
  5.0550      .284285
  5.1000      .266733
  5.1600      .241756
  5.2050      .222143
  5.2500      .202024
  5.3100      .174778
  5.3550      .154290
  5.4000      .133965
  5.4600      .107417
  5.5050      .088125
  5.5500      .069521
  5.6100      .046001
  5.6550      .029463
  5.7000      .013970
  5.7600     -.004936
  5.8050     -.017731
  5.8500     -.029296
  5.9100     -.042761
  5.9550     -.051385
  6.0000     -.058751
  6.0600     -.066651
  6.1050     -.071176
  6.1500     -.074548
  6.2100     -.077341
  6.2550     -.078239
  6.3000     -.078186
  6.3600     -.076762
  6.4050     -.074782
  6.4500     -.072109
  6.5100     -.067612
  6.5550     -.063649
  6.6000     -.059271
  6.6600     -.052932
  6.7050     -.047904
  6.7500     -.042725
  6.8100     -.035711
  6.8550     -.030456
  6.9000     -.025274
  6.9600     -.018575
  7.0050     -.013773
  7.0500     -.009211
  7.1100     -.003563
  7.1550      .000306
  7.2000      .003836
  7.2600      .007982
  7.3050      .010658
  7.3500      .012956
  7.4100      .015433
  7.4550      .016858
  7.5000      .017922
  7.5600      .018805
  7.6050      .019090
  7.6500      .019074
  7.7100      .018625
  7.7550      .018003
  7.8000      .017165
  7.8600      .015761
  7.9050      .014532
  7.9500      .013183
  8.0100      .011246
  8.0550      .009726
  8.1000      .008177
  8.1600      .006110
  8.2050      .004587
  8.2500      .003111
  8.3100      .001246
  8.3550     -.000053
  8.4000     -.001253
  8.4600     -.002679
  8.5050     -.003607
  8.5500     -.004409
  8.6100     -.005274
  8.6550     -.005769
  8.7000     -.006133
  8.7600     -.006421
  8.8050     -.006495
  8.8500     -.006455
  8.9100     -.006239
  8.9550     -.005966
  9.0000     -.005610
  9.0600     -.005025
  9.1050     -.004517
  9.1500     -.003963
  9.2100     -.003173
  9.2550     -.002557
  9.3000     -.001932
  9.3600     -.001104
  9.4050     -.000499
  9.4500      .000082
  9.5100      .000806
  9.5550      .001302
  9.6150      .001890
  9.6600      .002270
  9.7050      .002594
  9.7650      .002935
  9.8100      .003122
  9.8550      .003248
  9.9150      .003326
  9.9600      .003318
 10.0050      .003257
 10.0650      .003099
 10.1100      .002928
 10.1550      .002718
 10.2150      .002385
 10.2600      .002102
 10.3050      .001799
 10.3650      .001370
 10.4100      .001039
 10.4550      .000704
 10.5150      .000264
 10.5600     -.000056
 10.6050     -.000362
 10.6650     -.000742
 10.7100     -.001000
 10.7550     -.001232
 10.8150     -.001497
 10.8600     -.001660
 10.9050     -.001790
 10.9650     -.001913
 11.0100     -.001966
 11.0550     -.001987
 11.1150     -.001965
 11.1600     -.001915
 11.2050     -.001836
 11.2650     -.001693
 11.3100     -.001559
 11.3550     -.001407
 11.4150     -.001180
 11.4600     -.000995
 11.5050     -.000802
 11.5650     -.000538
 11.6100     -.000338
 11.6550     -.000140
 11.7150      .000115
 11.7600      .000296
 11.8050      .000466
 11.8650      .000671
 11.9100      .000807
 11.9550      .000925
 12.0150      .001054
 12.0600      .001128
 12.1050      .001182
 12.1650      .001223
 12.2100      .001231
 12.2550      .001219
 12.3150      .001176
 12.3600      .001123
 12.4050      .001056
 12.4650      .000944
 12.5100      .000847
 12.5550      .000741
 12.6150      .000587
 12.6600      .000466
 12.7050      .000342
 12.7650      .000175
 12.8100      .000052
 12.8550     -.000068
 12.9150     -.000220
 12.9600     -.000325
 13.0050     -.000422
 13.0650     -.000535
 13.1100     -.000608
 13.1550     -.000669
 13.2150     -.000731
 13.2600     -.000762
 13.3050     -.000781
 13.3650     -.000787
 13.4100     -.000777
 13.4550     -.000755
 13.5150     -.000710
 13.5600     -.000664
 13.6050     -.000610
 13.6650     -.000526
 13.7100     -.000456
 13.7550     -.000382
 13.8150     -.000277
 13.8600     -.000196
 13.9050     -.000115
 13.9650     -.000008
 14.0100      .000069
 14.0550      .000143
 14.1150      .000234
 14.1600      .000296
 14.2050      .000351
 14.2650      .000414
 14.3100      .000452
 14.3550      .000482
 14.4150      .000509
 14.4600      .000519
 14.5050      .000521
 14.5650      .000511
 14.6100      .000495
 14.6550      .000472
 14.7150      .000431
 14.7600      .000393
 14.8050      .000351
 14.8650      .000288
 14.9100      .000238
 14.9550      .000185
 15.0150      .000113
 15.0600      .000058
 15.1050      .000004
 15.1650     -.000065
 15.2100     -.000114
 15.2550     -.000160
 15.3150     -.000215
 15.3600     -.000251
 15.4050     -.000282
 15.4650     -.000316
 15.5100     -.000334
 15.5550     -.000347
 15.6150     -.000356
 15.6600     -.000356
 15.7050     -.000350
 15.7650     -.000334
 15.8100     -.000317
 15.8550     -.000295
 15.9150     -.000260
 15.9600     -.000230
 16.0050     -.000198
 16.0650     -.000151
 16.1100     -.000114
 16.1550     -.000076
 16.2150     -.000026
 16.2600      .000011
 16.3050      .000047
 16.3650      .000092
 16.4100      .000123
 16.4550      .000151
 16.5150      .000184
 16.5600      .000205
 16.6050      .000222
 16.6650      .000238
 16.7100      .000246
 16.7550      .000250
 16.8150      .000249
 16.8600      .000244
 16.9050      .000235
 16.9650      .000218
 17.0100      .000202
 17.0550      .000183
 17.1150      .000154
 17.1600      .000131
 17.2050      .000105
 17.2650      .000071
 17.3100      .000044
 17.3550      .000017
 17.4150     -.000018
 17.4600     -.000043
 17.5050     -.000067
 17.5650     -.000096
 17.6100     -.000115
 17.6550     -.000133
 17.7150     -.000152
 17.7600     -.000163
 17.8050     -.000171
 17.8650     -.000178
 17.9100     -.000180
 17.9550     -.000179
 18.0150     -.000174
 18.0600     -.000166
 18.1050     -.000157
 18.1650     -.000141
 18.2100     -.000127
 18.2550     -.000111
 18.3150     -.000088
 18.3600     -.000069
 18.4050     -.000050
 18.4650     -.000024
 18.5100     -.000005
 18.5550      .000014
 18.6150      .000038
 18.6600      .000055
 18.7050      .000071
 18.7650      .000089
 18.8100      .000101
 18.8550      .000111
 18.9150      .000122
 18.9600      .000127
 19.0050      .000131
 19.0650      .000132
 19.1100      .000131
 19.1550      .000127
 19.2150      .000120
 19.2600      .000112
 19.3050      .000103
 19.3650      .000089
 19.4100      .000077
 19.4550      .000064
 19.5150      .000046
 19.5600      .000032
 19.6050      .000017
 19.6650     -.000002
 19.7100     -.000015
 19.7550     -.000029
 19.8150     -.000045
 19.8600     -.000056
 19.9050     -.000066
 19.9650     -.000078
 20.0100     -.000085
 20.0550     -.000090
 20.1150     -.000096
 20.1600     -.000098
 20.2050     -.000098
 20.2650     -.000096
 20.3100     -.000093
 20.3550     -.000089
 20.4150     -.000081
 20.4600     -.000074
 20.5050     -.000066
 20.5650     -.000054
 20.6100     -.000044
 20.6550     -.000034
 20.7150     -.000020
 20.7600     -.000009
 20.8050      .000001
 20.8650      .000015
 20.9100      .000025
 20.9550      .000034
 21.0150      .000045
 21.0600      .000052
 21.1050      .000058
 21.1650      .000065
 21.2100      .000068
 21.2550      .000071
 21.3150      .000073
 21.3600      .000073
 21.4050      .000071
 21.4650      .000068
 21.5100      .000065
 21.5550      .000060
 21.6150      .000053
 21.6600      .000047
 21.7050      .000040
 21.7650      .000030
 21.8100      .000022
 21.8550      .000014
 21.9150      .000004
 21.9600     -.000004
 22.0050     -.000011
 22.0650     -.000021
 22.1100     -.000027
 22.1550     -.000033
 22.2150     -.000040
 22.2600     -.000044
 22.3050     -.000048
 22.3650     -.000051
 22.4100     -.000053
 22.4550     -.000053
 22.5150     -.000053
 22.5600     -.000052
 22.6050     -.000050
 22.6650     -.000046
 22.7100     -.000042
 22.7550     -.000038
 22.8150     -.000032
 22.8600     -.000026
 22.9050     -.000021
 22.9650     -.000013
 23.0100     -.000008
 23.0550     -.000002
 23.1150      .000006
 23.1600      .000011
 23.2050      .000016
 23.2650      .000022
 23.3100      .000026
 23.3550      .000030
 23.4150      .000033
 23.4600      .000035
 23.5050      .000037
 23.5650      .000038
 23.6100      .000038
 23.6550      .000037
 23.7150      .000036
 23.7600      .000034
 23.8050      .000031
 23.8650      .000027
 23.9100      .000024
 23.9550      .000020
 marker ppq
   .0000      .000000
   .0600      .013873
   .1050      .042376
   .1650      .104054
   .2100      .167558
   .2550      .245260
   .3000      .336500
   .3600      .477860
   .4050      .597496
   .4500      .727684
   .5100      .915760
   .5550     1.066132
   .6000     1.223074
   .6600     1.440233
   .7050     1.607230
   .7650     1.832683
   .8100     2.001991
   .8550     2.169869
   .9150     2.388987
   .9600     2.547943
  1.0050     2.700747
  1.0650     2.892615
  1.1100     3.025968
  1.1550     3.148954
  1.2150     3.294902
  1.2600     3.389536
  1.3050     3.470460
  1.3650     3.555690
  1.4100     3.601757
  1.4550     3.631929
  1.5150     3.646759
  1.5600     3.638498
  1.6050     3.613485
  1.6650     3.554120
  1.7100     3.490288
  1.7550     3.410228
  1.8150     3.278975
  1.8600     3.162870
  1.9050     3.032364
  1.9650     2.837311
  2.0100     2.676385
  2.0550     2.504002
  2.1150     2.258177
  2.1600     2.063296
  2.2050     1.860737
  2.2500     1.651744
  2.3100     1.365296
  2.3550     1.146311
  2.4000      .925238
  2.4600      .629505
  2.5050      .408676
  2.5500      .190107
  2.6100     -.095649
  2.6550     -.304156
  2.7000     -.506410
  2.7600     -.764498
  2.8050     -.948078
  2.8500    -1.122079
  2.9100    -1.337756
  2.9550    -1.486326
  3.0000    -1.622891
  3.0600    -1.785409
  3.1050    -1.892083
  3.1500    -1.985376
  3.2100    -2.088620
  3.2550    -2.150082
  3.3000    -2.197877
  3.3600    -2.240563
  3.4050    -2.257092
  3.4500    -2.260703
  3.5100    -2.246138
  3.5550    -2.221323
  3.6000    -2.185235
  3.6600    -2.120694
  3.7050    -2.060879
  3.7500    -1.992123
  3.8100    -1.887920
  3.8550    -1.801451
  3.9000    -1.708805
  3.9600    -1.577181
  4.0050    -1.473533
  4.0500    -1.366638
  4.1100    -1.220562
  4.1550    -1.109448
  4.2000     -.997918
  4.2600     -.849935
  4.3050     -.740467
  4.3500     -.633092
  4.4100     -.494313
  4.4550     -.394303
  4.5000     -.298391
  4.5600     -.177716
  4.6050     -.093156
  4.6500     -.014088
  4.7100      .082302
  4.7550      .147534
  4.8000      .206541
  4.8600      .275380
  4.9050      .319595
  4.9500      .357488
  5.0100      .398335
  5.0550      .421894
  5.1000      .439597
  5.1600      .454498
  5.2050      .459499
  5.2500      .459551
  5.3100      .452502
  5.3550      .442346
  5.4000      .428439
  5.4600      .404739
  5.5050      .383619
  5.5500      .360082
  5.6100      .325637
  5.6550      .298023
  5.7000      .269315
  5.7600      .229979
  5.8050      .200145
  5.8500      .170399
  5.9100      .131411
  5.9550      .103044
  6.0000      .075713
  6.0600      .041273
  6.1050      .017200
  6.1500     -.005183
  6.2100     -.032168
  6.2550     -.050129
  6.3000     -.066057
  6.3600     -.084059
  6.4050     -.095116
  6.4500     -.104091
  6.5100     -.112886
  6.5550     -.117181
  6.6000     -.119596
  6.6600     -.120061
  6.7050     -.118494
  6.7500     -.115429
  6.8100     -.109253
  6.8550     -.103245
  6.9000     -.096228
  6.9600     -.085572
  7.0050     -.076808
  7.0500     -.067556
  7.1100     -.054721
  7.1550     -.044909
  7.2000     -.035092
  7.2600     -.022217
  7.3050     -.012876
  7.3500     -.003923
  7.4100      .007245
  7.4550      .014938
  7.5000      .021971
  7.5600      .030226
  7.6050      .035522
  7.6500      .040022
  7.7100      .044758
  7.7550      .047359
  7.8000      .049158
  7.8600      .050343
  7.9050      .050364
  7.9500      .049684
  8.0100      .047772
  8.0550      .045654
  8.1000      .043016
  8.1600      .038802
  8.2050      .035205
  8.2500      .031311
  8.3100      .025774
  8.3550      .021452
  8.4000      .017058
  8.4600      .011200
  8.5050      .006884
  8.5500      .002696
  8.6100     -.002599
  8.6550     -.006296
  8.7000     -.009713
  8.7600     -.013779
  8.8050     -.016426
  8.8500     -.018706
  8.9100     -.021153
  8.9550     -.022535
  9.0000     -.023527
  9.0600     -.024253
  9.1050     -.024365
  9.1500     -.024124
  9.2100     -.023289
  9.2550     -.022310
  9.3000     -.021058
  9.3600     -.019019
  9.4050     -.017255
  9.4500     -.015327
  9.5100     -.012562
  9.5550     -.010388
  9.6150     -.007421
  9.6600     -.005188
  9.7050     -.002984
  9.7650     -.000142
  9.8100      .001882
  9.8550      .003786
  9.9150      .006101
  9.9600      .007646
 10.0050      .009010
 10.0650      .010529
 10.1100      .011433
 10.1550      .012131
 10.2150      .012738
 10.2600      .012955
 10.3050      .012974
 10.3650      .012705
 10.4100      .012297
 10.4550      .011726
 10.5150      .010740
 10.5600      .009853
 10.6050      .008859
 10.6650      .007401
 10.7100      .006232
 10.7550      .005021
 10.8150      .003373
 10.8600      .002136
 10.9050      .000920
 10.9650     -.000643
 11.0100     -.001751
 11.0550     -.002788
 11.1150     -.004040
 11.1600     -.004867
 11.2050     -.005589
 11.2650     -.006378
 11.3100     -.006834
 11.3550     -.007172
 11.4150     -.007436
 11.4600     -.007498
 11.5050     -.007446
 11.5650     -.007210
 11.6100     -.006916
 11.6550     -.006532
 11.7150     -.005893
 11.7600     -.005333
 11.8050     -.004715
 11.8650     -.003820
 11.9100     -.003111
 11.9550     -.002383
 12.0150     -.001401
 12.0600     -.000671
 12.1050      .000043
 12.1650      .000950
 12.2100      .001587
 12.2550      .002176
 12.3150      .002878
 12.3600      .003333
 12.4050      .003721
 12.4650      .004132
 12.5100      .004355
 12.5550      .004506
 12.6150      .004595
 12.6600      .004579
 12.7050      .004495
 12.7650      .004284
 12.8100      .004058
 12.8550      .003778
 12.9150      .003335
 12.9600      .002956
 13.0050      .002547
 13.0650      .001965
 13.1100      .001511
 13.1550      .001049
 13.2150      .000435
 13.2600     -.000016
 13.3050     -.000452
 13.3650     -.000999
 13.4100     -.001376
 13.4550     -.001720
 13.5150     -.002121
 13.5600     -.002374
 13.6050     -.002582
 13.6650     -.002790
 13.7100     -.002891
 13.7550     -.002945
 13.8150     -.002946
 13.8600     -.002896
 13.9050     -.002803
 13.9650     -.002619
 14.0100     -.002440
 14.0550     -.002231
 14.1150     -.001910
 14.1600     -.001644
 14.2050     -.001362
 14.2650     -.000969
 14.3100     -.000667
 14.3550     -.000364
 14.4150      .000032
 14.4600      .000319
 14.5050      .000592
 14.5650      .000929
 14.6100      .001157
 14.6550      .001360
 14.7150      .001590
 14.7600      .001728
 14.8050      .001836
 14.8650      .001932
 14.9100      .001968
 14.9550      .001973
 15.0150      .001933
 15.0600      .001870
 15.1050      .001781
 15.1650      .001625
 15.2100      .001483
 15.2550      .001323
 15.3150      .001086
 15.3600      .000895
 15.4050      .000695
 15.4650      .000423
 15.5100      .000218
 15.5550      .000015
 15.6150     -.000246
 15.6600     -.000431
 15.7050     -.000605
 15.7650     -.000814
 15.8100     -.000952
 15.8550     -.001072
 15.9150     -.001200
 15.9600     -.001273
 16.0050     -.001324
 16.0650     -.001358
 16.1100     -.001360
 16.1550     -.001340
 16.2150     -.001284
 16.2600     -.001221
 16.3050     -.001140
 16.3650     -.001010
 16.4100     -.000897
 16.4550     -.000774
 16.5150     -.000597
 16.5600     -.000458
 16.6050     -.000315
 16.6650     -.000124
 16.7100      .000018
 16.7550      .000155
 16.8150      .000329
 16.8600      .000449
 16.9050      .000560
 16.9650      .000689
 17.0100      .000771
 17.0550      .000840
 17.1150      .000908
 17.1600      .000942
 17.2050      .000960
 17.2650      .000962
 17.3100      .000946
 17.3550      .000916
 17.4150      .000856
 17.4600      .000797
 17.5050      .000727
 17.5650      .000620
 17.6100      .000531
 17.6550      .000436
 17.7150      .000303
 17.7600      .000201
 17.8050      .000098
 17.8650     -.000037
 17.9100     -.000135
 17.9550     -.000228
 18.0150     -.000343
 18.0600     -.000421
 18.1050     -.000491
 18.1650     -.000569
 18.2100     -.000617
 18.2550     -.000653
 18.3150     -.000685
 18.3600     -.000696
 18.4050     -.000697
 18.4650     -.000681
 18.5100     -.000657
 18.5550     -.000624
 18.6150     -.000566
 18.6600     -.000514
 18.7050     -.000455
 18.7650     -.000369
 18.8100     -.000299
 18.8550     -.000226
 18.9150     -.000127
 18.9600     -.000052
 19.0050      .000022
 19.0650      .000117
 19.1100      .000185
 19.1550      .000248
 19.2150      .000324
 19.2600      .000373
 19.3050      .000416
 19.3650      .000461
 19.4100      .000486
 19.4550      .000503
 19.5150      .000514
 19.5600      .000512
 19.6050      .000502
 19.6650      .000478
 19.7100      .000452
 19.7550      .000420
 19.8150      .000368
 19.8600      .000323
 19.9050      .000275
 19.9650      .000205
 20.0100      .000151
 20.0550      .000096
 20.1150      .000022
 20.1600     -.000033
 20.2050     -.000086
 20.2650     -.000152
 20.3100     -.000198
 20.3550     -.000239
 20.4150     -.000288
 20.4600     -.000318
 20.5050     -.000343
 20.5650     -.000367
 20.6100     -.000378
 20.6550     -.000382
 20.7150     -.000380
 20.7600     -.000371
 20.8050     -.000357
 20.8650     -.000330
 20.9100     -.000304
 20.9550     -.000274
 21.0150     -.000229
 21.0600     -.000192
 21.1050     -.000153
 21.1650     -.000098
 21.2100     -.000057
 21.2550     -.000015
 21.3150      .000039
 21.3600      .000078
 21.4050      .000115
 21.4650      .000160
 21.5100      .000190
 21.5550      .000217
 21.6150      .000246
 21.6600      .000263
 21.7050      .000275
 21.7650      .000285
 21.8100      .000287
 21.8550      .000284
 21.9150      .000274
 21.9600      .000262
 22.0050      .000246
 22.0650      .000219
 22.1100      .000195
 22.1550      .000169
 22.2150      .000131
 22.2600      .000101
 22.3050      .000070
 22.3650      .000028
 22.4100     -.000003
 22.4550     -.000034
 22.5150     -.000073
 22.5600     -.000100
 22.6050     -.000124
 22.6650     -.000154
 22.7100     -.000172
 22.7550     -.000188
 22.8150     -.000203
 22.8600     -.000211
 22.9050     -.000215
 22.9650     -.000215
 23.0100     -.000211
 23.0550     -.000204
 23.1150     -.000190
 23.1600     -.000176
 23.2050     -.000159
 23.2650     -.000134
 23.3100     -.000113
 23.3550     -.000091
 23.4150     -.000059
 23.4600     -.000035
 23.5050     -.000011
 23.5650      .000021
 23.6100      .000043
 23.6550      .000065
 23.7150      .000091
 23.7600      .000109
 23.8050      .000125
 23.8650      .000142
 23.9100      .000152
 23.9550      .000159
 marker pdq
