 630, 0, 102, 0.75, 0, 0.75,0.0, 0.0  0  *** nrr,ic,iatom,z,spd_loc,occ_s,occ_p,occ_d  iso  (Ecut= 26Ryd)
   1    1    1      1    0   0           **  s,p,d_ref, s,p,d_TB
 .000000E+00 -.226913E+01 -.162255E+01 -.798877E+00  .108427E+01  .000000E+00  .000000E+00 -.226914E+01
 .538702E-05 -.226913E+01 -.162255E+01 -.798877E+00  .108427E+01  .203668E-06  .108652E-13 -.226914E+01
 .108829E-04 -.226913E+01 -.162255E+01 -.798877E+00  .108427E+01  .411451E-06  .443432E-13 -.226915E+01
 .164897E-04 -.226913E+01 -.162255E+01 -.798877E+00  .108427E+01  .623431E-06  .101805E-12 -.226916E+01
 .222099E-04 -.226913E+01 -.162255E+01 -.798877E+00  .108427E+01  .839694E-06  .184685E-12 -.226917E+01
 .280456E-04 -.226913E+01 -.162255E+01 -.798877E+00  .108427E+01  .106033E-05  .294488E-12 -.226918E+01
 .339992E-04 -.226913E+01 -.162255E+01 -.798877E+00  .108427E+01  .128541E-05  .432789E-12 -.226918E+01
 .400730E-04 -.226913E+01 -.162255E+01 -.798877E+00  .108427E+01  .151505E-05  .601234E-12 -.226919E+01
 .462696E-04 -.226913E+01 -.162255E+01 -.798877E+00  .108427E+01  .174932E-05  .801549E-12 -.226920E+01
 .525913E-04 -.226913E+01 -.162255E+01 -.798877E+00  .108427E+01  .198833E-05  .103554E-11 -.226921E+01
 .590407E-04 -.226913E+01 -.162255E+01 -.798877E+00  .108427E+01  .223217E-05  .130510E-11 -.226922E+01
 .656205E-04 -.226913E+01 -.162255E+01 -.798877E+00  .108427E+01  .248093E-05  .161220E-11 -.226923E+01
 .723331E-04 -.226913E+01 -.162255E+01 -.798877E+00  .108427E+01  .273471E-05  .195891E-11 -.226924E+01
 .791814E-04 -.226913E+01 -.162255E+01 -.798877E+00  .108427E+01  .299363E-05  .234739E-11 -.226925E+01
 .861680E-04 -.226913E+01 -.162255E+01 -.798877E+00  .108427E+01  .325777E-05  .277991E-11 -.226926E+01
 .932957E-04 -.226913E+01 -.162255E+01 -.798877E+00  .108427E+01  .352725E-05  .325884E-11 -.226928E+01
 .100567E-03 -.226913E+01 -.162255E+01 -.798877E+00  .108427E+01  .380217E-05  .378664E-11 -.226929E+01
 .107986E-03 -.226913E+01 -.162255E+01 -.798877E+00  .108427E+01  .408265E-05  .436591E-11 -.226930E+01
 .115555E-03 -.226913E+01 -.162255E+01 -.798877E+00  .108427E+01  .436879E-05  .499935E-11 -.226931E+01
 .123276E-03 -.226913E+01 -.162255E+01 -.798877E+00  .108427E+01  .466072E-05  .568978E-11 -.226932E+01
 .131153E-03 -.226913E+01 -.162255E+01 -.798877E+00  .108427E+01  .495854E-05  .644017E-11 -.226933E+01
 .139190E-03 -.226913E+01 -.162255E+01 -.798877E+00  .108427E+01  .526238E-05  .725361E-11 -.226935E+01
 .147389E-03 -.226913E+01 -.162255E+01 -.798877E+00  .108427E+01  .557235E-05  .813331E-11 -.226936E+01
 .155753E-03 -.226913E+01 -.162255E+01 -.798877E+00  .108427E+01  .588859E-05  .908265E-11 -.226937E+01
 .164287E-03 -.226913E+01 -.162255E+01 -.798877E+00  .108427E+01  .621122E-05  .101052E-10 -.226939E+01
 .172992E-03 -.226913E+01 -.162255E+01 -.798877E+00  .108427E+01  .654036E-05  .112045E-10 -.226940E+01
 .181874E-03 -.226913E+01 -.162255E+01 -.798877E+00  .108427E+01  .687615E-05  .123846E-10 -.226941E+01
 .190935E-03 -.226913E+01 -.162255E+01 -.798877E+00  .108427E+01  .721873E-05  .136493E-10 -.226943E+01
 .200179E-03 -.226913E+01 -.162255E+01 -.798877E+00  .108427E+01  .756822E-05  .150030E-10 -.226944E+01
 .209610E-03 -.226913E+01 -.162255E+01 -.798877E+00  .108427E+01  .792478E-05  .164499E-10 -.226946E+01
 .219232E-03 -.226913E+01 -.162255E+01 -.798877E+00  .108427E+01  .828854E-05  .179948E-10 -.226947E+01
 .229047E-03 -.226913E+01 -.162255E+01 -.798877E+00  .108427E+01  .865965E-05  .196422E-10 -.226949E+01
 .239062E-03 -.226913E+01 -.162255E+01 -.798877E+00  .108427E+01  .903825E-05  .213973E-10 -.226950E+01
 .249278E-03 -.226913E+01 -.162255E+01 -.798877E+00  .108427E+01  .942450E-05  .232652E-10 -.226952E+01
 .259701E-03 -.226913E+01 -.162255E+01 -.798877E+00  .108427E+01  .981856E-05  .252514E-10 -.226953E+01
 .270334E-03 -.226913E+01 -.162255E+01 -.798877E+00  .108427E+01  .102206E-04  .273616E-10 -.226955E+01
 .281182E-03 -.226913E+01 -.162255E+01 -.798877E+00  .108427E+01  .106307E-04  .296016E-10 -.226957E+01
 .292250E-03 -.226913E+01 -.162255E+01 -.798877E+00  .108427E+01  .110491E-04  .319777E-10 -.226959E+01
 .303540E-03 -.226913E+01 -.162255E+01 -.798877E+00  .108427E+01  .114760E-04  .344963E-10 -.226960E+01
 .315059E-03 -.226913E+01 -.162255E+01 -.798877E+00  .108427E+01  .119115E-04  .371641E-10 -.226962E+01
 .326811E-03 -.226913E+01 -.162255E+01 -.798877E+00  .108427E+01  .123558E-04  .399883E-10 -.226964E+01
 .338800E-03 -.226913E+01 -.162255E+01 -.798877E+00  .108427E+01  .128091E-04  .429760E-10 -.226966E+01
 .351031E-03 -.226913E+01 -.162255E+01 -.798877E+00  .108427E+01  .132715E-04  .461350E-10 -.226968E+01
 .363509E-03 -.226913E+01 -.162255E+01 -.798877E+00  .108427E+01  .137433E-04  .494733E-10 -.226970E+01
 .376240E-03 -.226913E+01 -.162255E+01 -.798877E+00  .108427E+01  .142246E-04  .529992E-10 -.226972E+01
 .389228E-03 -.226913E+01 -.162255E+01 -.798877E+00  .108427E+01  .147156E-04  .567213E-10 -.226974E+01
 .402477E-03 -.226913E+01 -.162255E+01 -.798877E+00  .108427E+01  .152165E-04  .606489E-10 -.226976E+01
 .415995E-03 -.226913E+01 -.162255E+01 -.798877E+00  .108427E+01  .157276E-04  .647912E-10 -.226978E+01
 .429786E-03 -.226913E+01 -.162255E+01 -.798877E+00  .108427E+01  .162490E-04  .691582E-10 -.226980E+01
 .443855E-03 -.226913E+01 -.162255E+01 -.798877E+00  .108427E+01  .167809E-04  .737601E-10 -.226982E+01
 .458208E-03 -.226913E+01 -.162255E+01 -.798877E+00  .108427E+01  .173236E-04  .786078E-10 -.226984E+01
 .472852E-03 -.226913E+01 -.162255E+01 -.798877E+00  .108427E+01  .178772E-04  .837124E-10 -.226987E+01
 .487791E-03 -.226913E+01 -.162255E+01 -.798877E+00  .108427E+01  .184420E-04  .890856E-10 -.226989E+01
 .503032E-03 -.226913E+01 -.162255E+01 -.798877E+00  .108427E+01  .190183E-04  .947395E-10 -.226991E+01
 .518581E-03 -.226913E+01 -.162255E+01 -.798877E+00  .108427E+01  .196061E-04  .100687E-09 -.226994E+01
 .534444E-03 -.226913E+01 -.162255E+01 -.798877E+00  .108427E+01  .202058E-04  .106941E-09 -.226996E+01
 .550628E-03 -.226913E+01 -.162255E+01 -.798877E+00  .108427E+01  .208177E-04  .113516E-09 -.226999E+01
 .567138E-03 -.226913E+01 -.162255E+01 -.798877E+00  .108427E+01  .214419E-04  .120425E-09 -.227001E+01
 .583982E-03 -.226913E+01 -.162255E+01 -.798877E+00  .108427E+01  .220787E-04  .127685E-09 -.227004E+01
 .601167E-03 -.226913E+01 -.162255E+01 -.798877E+00  .108427E+01  .227284E-04  .135310E-09 -.227007E+01
 .618698E-03 -.226913E+01 -.162255E+01 -.798877E+00  .108427E+01  .233912E-04  .143317E-09 -.227009E+01
 .636583E-03 -.226913E+01 -.162255E+01 -.798877E+00  .108427E+01  .240674E-04  .151722E-09 -.227012E+01
 .654830E-03 -.226913E+01 -.162255E+01 -.798877E+00  .108427E+01  .247573E-04  .160545E-09 -.227015E+01
 .673446E-03 -.226913E+01 -.162255E+01 -.798877E+00  .108427E+01  .254611E-04  .169803E-09 -.227018E+01
 .692437E-03 -.226913E+01 -.162255E+01 -.798877E+00  .108427E+01  .261791E-04  .179515E-09 -.227021E+01
 .711812E-03 -.226913E+01 -.162255E+01 -.798877E+00  .108427E+01  .269116E-04  .189701E-09 -.227024E+01
 .731579E-03 -.226913E+01 -.162255E+01 -.798877E+00  .108427E+01  .276590E-04  .200383E-09 -.227027E+01
 .751745E-03 -.226913E+01 -.162255E+01 -.798877E+00  .108427E+01  .284214E-04  .211583E-09 -.227030E+01
 .772318E-03 -.226913E+01 -.162255E+01 -.798877E+00  .108427E+01  .291992E-04  .223322E-09 -.227033E+01
 .793307E-03 -.226913E+01 -.162255E+01 -.798877E+00  .108427E+01  .299927E-04  .235625E-09 -.227036E+01
 .814720E-03 -.226913E+01 -.162255E+01 -.798877E+00  .108427E+01  .308023E-04  .248517E-09 -.227040E+01
 .836566E-03 -.226913E+01 -.162255E+01 -.798877E+00  .108427E+01  .316282E-04  .262023E-09 -.227043E+01
 .858852E-03 -.226913E+01 -.162255E+01 -.798877E+00  .108427E+01  .324708E-04  .276170E-09 -.227047E+01
 .881589E-03 -.226913E+01 -.162255E+01 -.798877E+00  .108427E+01  .333304E-04  .290986E-09 -.227050E+01
 .904786E-03 -.226913E+01 -.162255E+01 -.798877E+00  .108427E+01  .342074E-04  .306500E-09 -.227054E+01
 .928450E-03 -.226913E+01 -.162255E+01 -.798877E+00  .108427E+01  .351021E-04  .322743E-09 -.227057E+01
 .952593E-03 -.226913E+01 -.162255E+01 -.798877E+00  .108427E+01  .360149E-04  .339746E-09 -.227061E+01
 .977224E-03 -.226913E+01 -.162255E+01 -.798877E+00  .108427E+01  .369461E-04  .357543E-09 -.227065E+01
 .100235E-02 -.226913E+01 -.162255E+01 -.798877E+00  .108427E+01  .378961E-04  .376167E-09 -.227069E+01
 .102799E-02 -.226913E+01 -.162255E+01 -.798877E+00  .108427E+01  .388653E-04  .395654E-09 -.227073E+01
 .105414E-02 -.226913E+01 -.162255E+01 -.798877E+00  .108427E+01  .398541E-04  .416043E-09 -.227077E+01
 .108082E-02 -.226913E+01 -.162255E+01 -.798877E+00  .108427E+01  .408629E-04  .437371E-09 -.227081E+01
 .110804E-02 -.226913E+01 -.162255E+01 -.798877E+00  .108427E+01  .418921E-04  .459679E-09 -.227085E+01
 .113582E-02 -.226913E+01 -.162255E+01 -.798877E+00  .108427E+01  .429420E-04  .483009E-09 -.227089E+01
 .116415E-02 -.226913E+01 -.162255E+01 -.798877E+00  .108427E+01  .440132E-04  .507407E-09 -.227094E+01
 .119305E-02 -.226913E+01 -.162255E+01 -.798877E+00  .108427E+01  .451060E-04  .532916E-09 -.227098E+01
 .122254E-02 -.226913E+01 -.162255E+01 -.798877E+00  .108427E+01  .462208E-04  .559585E-09 -.227103E+01
 .125263E-02 -.226913E+01 -.162255E+01 -.798877E+00  .108427E+01  .473582E-04  .587464E-09 -.227108E+01
 .128332E-02 -.226913E+01 -.162255E+01 -.798877E+00  .108427E+01  .485186E-04  .616605E-09 -.227112E+01
 .131463E-02 -.226913E+01 -.162255E+01 -.798877E+00  .108427E+01  .497024E-04  .647061E-09 -.227117E+01
 .134657E-02 -.226913E+01 -.162255E+01 -.798877E+00  .108427E+01  .509101E-04  .678889E-09 -.227122E+01
 .137916E-02 -.226913E+01 -.162255E+01 -.798877E+00  .108427E+01  .521423E-04  .712148E-09 -.227127E+01
 .141241E-02 -.226913E+01 -.162255E+01 -.798877E+00  .108427E+01  .533993E-04  .746898E-09 -.227132E+01
 .144633E-02 -.226913E+01 -.162255E+01 -.798877E+00  .108427E+01  .546817E-04  .783203E-09 -.227137E+01
 .148094E-02 -.226913E+01 -.162255E+01 -.798877E+00  .108427E+01  .559900E-04  .821129E-09 -.227143E+01
 .151624E-02 -.226913E+01 -.162255E+01 -.798877E+00  .108427E+01  .573247E-04  .860745E-09 -.227148E+01
 .155226E-02 -.226913E+01 -.162255E+01 -.798877E+00  .108427E+01  .586864E-04  .902123E-09 -.227154E+01
 .158900E-02 -.226913E+01 -.162255E+01 -.798877E+00  .108427E+01  .600756E-04  .945338E-09 -.227159E+01
 .162649E-02 -.226913E+01 -.162255E+01 -.798877E+00  .108427E+01  .614929E-04  .990468E-09 -.227165E+01
 .166473E-02 -.226913E+01 -.162255E+01 -.798877E+00  .108427E+01  .629388E-04  .103760E-08 -.227171E+01
 .170375E-02 -.226913E+01 -.162255E+01 -.798877E+00  .108427E+01  .644139E-04  .108680E-08 -.227177E+01
 .174355E-02 -.226913E+01 -.162255E+01 -.798877E+00  .108427E+01  .659188E-04  .113818E-08 -.227183E+01
 .178416E-02 -.226913E+01 -.162255E+01 -.798877E+00  .108427E+01  .674541E-04  .119181E-08 -.227190E+01
 .182559E-02 -.226913E+01 -.162255E+01 -.798877E+00  .108427E+01  .690205E-04  .124780E-08 -.227196E+01
 .186786E-02 -.226913E+01 -.162255E+01 -.798877E+00  .108427E+01  .706184E-04  .130625E-08 -.227202E+01
 .191098E-02 -.226913E+01 -.162255E+01 -.798877E+00  .108427E+01  .722487E-04  .136726E-08 -.227209E+01
 .195497E-02 -.226913E+01 -.162255E+01 -.798877E+00  .108427E+01  .739119E-04  .143093E-08 -.227216E+01
 .199985E-02 -.226913E+01 -.162255E+01 -.798877E+00  .108427E+01  .756087E-04  .149739E-08 -.227223E+01
 .204564E-02 -.226913E+01 -.162255E+01 -.798877E+00  .108427E+01  .773397E-04  .156674E-08 -.227230E+01
 .209235E-02 -.226913E+01 -.162255E+01 -.798877E+00  .108427E+01  .791057E-04  .163911E-08 -.227237E+01
 .214000E-02 -.226913E+01 -.162255E+01 -.798877E+00  .108427E+01  .809074E-04  .171462E-08 -.227244E+01
 .218862E-02 -.226913E+01 -.162255E+01 -.798877E+00  .108427E+01  .827456E-04  .179341E-08 -.227252E+01
 .223822E-02 -.226913E+01 -.162255E+01 -.798877E+00  .108426E+01  .846208E-04  .187562E-08 -.227259E+01
 .228882E-02 -.226913E+01 -.162255E+01 -.798877E+00  .108426E+01  .865339E-04  .196139E-08 -.227267E+01
 .234045E-02 -.226913E+01 -.162255E+01 -.798877E+00  .108426E+01  .884857E-04  .205087E-08 -.227275E+01
 .239311E-02 -.226913E+01 -.162255E+01 -.798877E+00  .108426E+01  .904768E-04  .214421E-08 -.227283E+01
 .244685E-02 -.226913E+01 -.162255E+01 -.798877E+00  .108426E+01  .925083E-04  .224157E-08 -.227291E+01
 .250166E-02 -.226913E+01 -.162255E+01 -.798877E+00  .108426E+01  .945807E-04  .234313E-08 -.227300E+01
 .255759E-02 -.226913E+01 -.162255E+01 -.798877E+00  .108426E+01  .966950E-04  .244906E-08 -.227308E+01
 .261464E-02 -.226913E+01 -.162255E+01 -.798877E+00  .108426E+01  .988521E-04  .255955E-08 -.227317E+01
 .267285E-02 -.226913E+01 -.162255E+01 -.798877E+00  .108426E+01  .101053E-03  .267478E-08 -.227326E+01
 .273223E-02 -.226913E+01 -.162255E+01 -.798877E+00  .108426E+01  .103298E-03  .279495E-08 -.227335E+01
 .279281E-02 -.226913E+01 -.162255E+01 -.798877E+00  .108426E+01  .105588E-03  .292026E-08 -.227344E+01
 .285462E-02 -.226913E+01 -.162255E+01 -.798877E+00  .108426E+01  .107925E-03  .305095E-08 -.227354E+01
 .291767E-02 -.226913E+01 -.162255E+01 -.798877E+00  .108426E+01  .110309E-03  .318722E-08 -.227364E+01
 .298200E-02 -.226913E+01 -.162255E+01 -.798877E+00  .108426E+01  .112741E-03  .332931E-08 -.227373E+01
 .304763E-02 -.226913E+01 -.162255E+01 -.798877E+00  .108426E+01  .115222E-03  .347746E-08 -.227383E+01
 .311458E-02 -.226913E+01 -.162255E+01 -.798877E+00  .108426E+01  .117753E-03  .363193E-08 -.227394E+01
 .318288E-02 -.226913E+01 -.162255E+01 -.798877E+00  .108426E+01  .120336E-03  .379298E-08 -.227404E+01
 .325257E-02 -.226913E+01 -.162255E+01 -.798877E+00  .108426E+01  .122970E-03  .396089E-08 -.227415E+01
 .332366E-02 -.226913E+01 -.162255E+01 -.798878E+00  .108426E+01  .125658E-03  .413593E-08 -.227426E+01
 .339619E-02 -.226913E+01 -.162255E+01 -.798878E+00  .108426E+01  .128400E-03  .431841E-08 -.227437E+01
 .347019E-02 -.226913E+01 -.162255E+01 -.798878E+00  .108426E+01  .131198E-03  .450863E-08 -.227448E+01
 .354568E-02 -.226913E+01 -.162255E+01 -.798878E+00  .108426E+01  .134052E-03  .470692E-08 -.227459E+01
 .362269E-02 -.226913E+01 -.162255E+01 -.798878E+00  .108426E+01  .136963E-03  .491362E-08 -.227471E+01
 .370126E-02 -.226913E+01 -.162255E+01 -.798878E+00  .108426E+01  .139934E-03  .512907E-08 -.227483E+01
 .378142E-02 -.226913E+01 -.162255E+01 -.798878E+00  .108426E+01  .142964E-03  .535363E-08 -.227495E+01
 .386320E-02 -.226913E+01 -.162255E+01 -.798878E+00  .108426E+01  .146056E-03  .558769E-08 -.227508E+01
 .394662E-02 -.226913E+01 -.162255E+01 -.798878E+00  .108426E+01  .149210E-03  .583164E-08 -.227521E+01
 .403174E-02 -.226913E+01 -.162255E+01 -.798878E+00  .108426E+01  .152428E-03  .608588E-08 -.227533E+01
 .411857E-02 -.226913E+01 -.162255E+01 -.798878E+00  .108426E+01  .155711E-03  .635085E-08 -.227547E+01
 .420716E-02 -.226913E+01 -.162255E+01 -.798878E+00  .108425E+01  .159060E-03  .662700E-08 -.227560E+01
 .429754E-02 -.226913E+01 -.162255E+01 -.798878E+00  .108425E+01  .162477E-03  .691477E-08 -.227574E+01
 .438974E-02 -.226913E+01 -.162255E+01 -.798878E+00  .108425E+01  .165963E-03  .721467E-08 -.227588E+01
 .448381E-02 -.226913E+01 -.162255E+01 -.798878E+00  .108425E+01  .169519E-03  .752718E-08 -.227602E+01
 .457977E-02 -.226913E+01 -.162255E+01 -.798878E+00  .108425E+01  .173147E-03  .785283E-08 -.227617E+01
 .467768E-02 -.226913E+01 -.162255E+01 -.798878E+00  .108425E+01  .176849E-03  .819217E-08 -.227631E+01
 .477756E-02 -.226913E+01 -.162255E+01 -.798878E+00  .108425E+01  .180625E-03  .854576E-08 -.227646E+01
 .487946E-02 -.226913E+01 -.162255E+01 -.798878E+00  .108425E+01  .184477E-03  .891419E-08 -.227662E+01
 .498342E-02 -.226913E+01 -.162255E+01 -.798878E+00  .108425E+01  .188408E-03  .929807E-08 -.227678E+01
 .508948E-02 -.226913E+01 -.162255E+01 -.798878E+00  .108425E+01  .192417E-03  .969805E-08 -.227694E+01
 .519768E-02 -.226913E+01 -.162255E+01 -.798879E+00  .108425E+01  .196508E-03  .101148E-07 -.227710E+01
 .530806E-02 -.226913E+01 -.162255E+01 -.798879E+00  .108425E+01  .200681E-03  .105490E-07 -.227727E+01
 .542068E-02 -.226913E+01 -.162255E+01 -.798879E+00  .108425E+01  .204939E-03  .110013E-07 -.227744E+01
 .553557E-02 -.226913E+01 -.162255E+01 -.798879E+00  .108425E+01  .209283E-03  .114726E-07 -.227761E+01
 .565279E-02 -.226913E+01 -.162255E+01 -.798879E+00  .108424E+01  .213714E-03  .119636E-07 -.227779E+01
 .577237E-02 -.226913E+01 -.162255E+01 -.798879E+00  .108424E+01  .218235E-03  .124752E-07 -.227797E+01
 .589436E-02 -.226913E+01 -.162255E+01 -.798879E+00  .108424E+01  .222847E-03  .130080E-07 -.227815E+01
 .601883E-02 -.226913E+01 -.162255E+01 -.798879E+00  .108424E+01  .227552E-03  .135632E-07 -.227834E+01
 .614580E-02 -.226913E+01 -.162255E+01 -.798879E+00  .108424E+01  .232353E-03  .141415E-07 -.227853E+01
 .627534E-02 -.226913E+01 -.162255E+01 -.798879E+00  .108424E+01  .237250E-03  .147439E-07 -.227872E+01
 .640750E-02 -.226913E+01 -.162255E+01 -.798879E+00  .108424E+01  .242247E-03  .153714E-07 -.227892E+01
 .654233E-02 -.226913E+01 -.162255E+01 -.798879E+00  .108424E+01  .247344E-03  .160251E-07 -.227912E+01
 .667988E-02 -.226913E+01 -.162255E+01 -.798880E+00  .108424E+01  .252544E-03  .167061E-07 -.227933E+01
 .682021E-02 -.226913E+01 -.162255E+01 -.798880E+00  .108423E+01  .257849E-03  .174153E-07 -.227953E+01
 .696337E-02 -.226913E+01 -.162255E+01 -.798880E+00  .108423E+01  .263262E-03  .181542E-07 -.227975E+01
 .710943E-02 -.226913E+01 -.162255E+01 -.798880E+00  .108423E+01  .268783E-03  .189237E-07 -.227997E+01
 .725843E-02 -.226913E+01 -.162255E+01 -.798880E+00  .108423E+01  .274417E-03  .197253E-07 -.228019E+01
 .741045E-02 -.226913E+01 -.162255E+01 -.798880E+00  .108423E+01  .280164E-03  .205601E-07 -.228041E+01
 .756554E-02 -.226913E+01 -.162255E+01 -.798880E+00  .108423E+01  .286027E-03  .214297E-07 -.228064E+01
 .772376E-02 -.226913E+01 -.162255E+01 -.798880E+00  .108422E+01  .292008E-03  .223354E-07 -.228088E+01
 .788518E-02 -.226913E+01 -.162255E+01 -.798881E+00  .108422E+01  .298111E-03  .232787E-07 -.228112E+01
 .804986E-02 -.226913E+01 -.162255E+01 -.798881E+00  .108422E+01  .304336E-03  .242612E-07 -.228136E+01
 .821786E-02 -.226913E+01 -.162255E+01 -.798881E+00  .108422E+01  .310688E-03  .252845E-07 -.228161E+01
 .838926E-02 -.226913E+01 -.162255E+01 -.798881E+00  .108422E+01  .317167E-03  .263502E-07 -.228186E+01
 .856412E-02 -.226913E+01 -.162255E+01 -.798881E+00  .108421E+01  .323778E-03  .274601E-07 -.228212E+01
 .874251E-02 -.226913E+01 -.162255E+01 -.798882E+00  .108421E+01  .330522E-03  .286160E-07 -.228239E+01
 .892451E-02 -.226914E+01 -.162255E+01 -.798882E+00  .108421E+01  .337402E-03  .298198E-07 -.228266E+01
 .911019E-02 -.226914E+01 -.162255E+01 -.798882E+00  .108421E+01  .344422E-03  .310735E-07 -.228293E+01
 .929961E-02 -.226914E+01 -.162255E+01 -.798882E+00  .108421E+01  .351583E-03  .323791E-07 -.228321E+01
 .949286E-02 -.226914E+01 -.162256E+01 -.798882E+00  .108420E+01  .358888E-03  .337388E-07 -.228349E+01
 .969002E-02 -.226914E+01 -.162256E+01 -.798883E+00  .108420E+01  .366342E-03  .351548E-07 -.228378E+01
 .989116E-02 -.226914E+01 -.162256E+01 -.798883E+00  .108420E+01  .373945E-03  .366293E-07 -.228408E+01
 .100964E-01 -.226914E+01 -.162256E+01 -.798883E+00  .108419E+01  .381703E-03  .381649E-07 -.228437E+01
 .103057E-01 -.226914E+01 -.162256E+01 -.798883E+00  .108419E+01  .389617E-03  .397640E-07 -.228468E+01
 .105193E-01 -.226914E+01 -.162256E+01 -.798884E+00  .108419E+01  .397691E-03  .414292E-07 -.228499E+01
 .107372E-01 -.226914E+01 -.162256E+01 -.798884E+00  .108418E+01  .405928E-03  .431632E-07 -.228531E+01
 .109595E-01 -.226914E+01 -.162256E+01 -.798884E+00  .108418E+01  .414331E-03  .449689E-07 -.228563E+01
 .111863E-01 -.226914E+01 -.162256E+01 -.798885E+00  .108418E+01  .422904E-03  .468492E-07 -.228596E+01
 .114176E-01 -.226914E+01 -.162256E+01 -.798885E+00  .108417E+01  .431650E-03  .488072E-07 -.228630E+01
 .116536E-01 -.226914E+01 -.162256E+01 -.798885E+00  .108417E+01  .440573E-03  .508460E-07 -.228664E+01
 .118945E-01 -.226914E+01 -.162256E+01 -.798886E+00  .108416E+01  .449676E-03  .529690E-07 -.228699E+01
 .121401E-01 -.226914E+01 -.162256E+01 -.798886E+00  .108416E+01  .458963E-03  .551797E-07 -.228734E+01
 .123908E-01 -.226914E+01 -.162256E+01 -.798886E+00  .108415E+01  .468437E-03  .574815E-07 -.228770E+01
 .126465E-01 -.226914E+01 -.162256E+01 -.798887E+00  .108415E+01  .478103E-03  .598783E-07 -.228807E+01
 .129073E-01 -.226914E+01 -.162256E+01 -.798887E+00  .108415E+01  .487964E-03  .623740E-07 -.228845E+01
 .131734E-01 -.226914E+01 -.162256E+01 -.798888E+00  .108414E+01  .498024E-03  .649726E-07 -.228883E+01
 .134450E-01 -.226914E+01 -.162256E+01 -.798888E+00  .108414E+01  .508288E-03  .676784E-07 -.228922E+01
 .137220E-01 -.226914E+01 -.162256E+01 -.798889E+00  .108413E+01  .518758E-03  .704957E-07 -.228961E+01
 .140045E-01 -.226914E+01 -.162256E+01 -.798889E+00  .108412E+01  .529440E-03  .734291E-07 -.229002E+01
 .142928E-01 -.226914E+01 -.162256E+01 -.798890E+00  .108412E+01  .540338E-03  .764833E-07 -.229043E+01
 .145870E-01 -.226914E+01 -.162256E+01 -.798890E+00  .108411E+01  .551455E-03  .796634E-07 -.229084E+01
 .148870E-01 -.226914E+01 -.162256E+01 -.798891E+00  .108411E+01  .562798E-03  .829745E-07 -.229127E+01
 .151932E-01 -.226914E+01 -.162256E+01 -.798891E+00  .108410E+01  .574369E-03  .864220E-07 -.229170E+01
 .155055E-01 -.226914E+01 -.162257E+01 -.798892E+00  .108409E+01  .586174E-03  .900114E-07 -.229214E+01
 .158241E-01 -.226915E+01 -.162257E+01 -.798892E+00  .108408E+01  .598217E-03  .937485E-07 -.229259E+01
 .161491E-01 -.226915E+01 -.162257E+01 -.798893E+00  .108408E+01  .610503E-03  .976395E-07 -.229305E+01
 .164807E-01 -.226915E+01 -.162257E+01 -.798894E+00  .108407E+01  .623038E-03  .101691E-06 -.229352E+01
 .168191E-01 -.226915E+01 -.162257E+01 -.798894E+00  .108406E+01  .635825E-03  .105908E-06 -.229399E+01
 .171642E-01 -.226915E+01 -.162257E+01 -.798895E+00  .108405E+01  .648871E-03  .110300E-06 -.229447E+01
 .175163E-01 -.226915E+01 -.162257E+01 -.798896E+00  .108404E+01  .662181E-03  .114871E-06 -.229496E+01
 .178756E-01 -.226915E+01 -.162257E+01 -.798897E+00  .108403E+01  .675758E-03  .119632E-06 -.229546E+01
 .182421E-01 -.226915E+01 -.162257E+01 -.798898E+00  .108402E+01  .689610E-03  .124587E-06 -.229597E+01
 .186160E-01 -.226915E+01 -.162257E+01 -.798898E+00  .108401E+01  .703742E-03  .129746E-06 -.229649E+01
 .189974E-01 -.226915E+01 -.162257E+01 -.798899E+00  .108400E+01  .718159E-03  .135118E-06 -.229701E+01
 .193866E-01 -.226915E+01 -.162257E+01 -.798900E+00  .108399E+01  .732867E-03  .140710E-06 -.229755E+01
 .197836E-01 -.226915E+01 -.162257E+01 -.798901E+00  .108398E+01  .747872E-03  .146532E-06 -.229809E+01
 .201887E-01 -.226915E+01 -.162258E+01 -.798902E+00  .108397E+01  .763179E-03  .152594E-06 -.229864E+01
 .206019E-01 -.226916E+01 -.162258E+01 -.798903E+00  .108396E+01  .778796E-03  .158904E-06 -.229921E+01
 .210235E-01 -.226916E+01 -.162258E+01 -.798904E+00  .108394E+01  .794728E-03  .165473E-06 -.229978E+01
 .214536E-01 -.226916E+01 -.162258E+01 -.798906E+00  .108393E+01  .810982E-03  .172312E-06 -.230036E+01
 .218923E-01 -.226916E+01 -.162258E+01 -.798907E+00  .108392E+01  .827563E-03  .179433E-06 -.230096E+01
 .223400E-01 -.226916E+01 -.162258E+01 -.798908E+00  .108390E+01  .844480E-03  .186845E-06 -.230156E+01
 .227967E-01 -.226916E+01 -.162258E+01 -.798909E+00  .108389E+01  .861737E-03  .194562E-06 -.230217E+01
 .232626E-01 -.226916E+01 -.162258E+01 -.798910E+00  .108387E+01  .879343E-03  .202595E-06 -.230280E+01
 .237379E-01 -.226916E+01 -.162258E+01 -.798912E+00  .108385E+01  .897304E-03  .210959E-06 -.230343E+01
 .242228E-01 -.226916E+01 -.162258E+01 -.798913E+00  .108384E+01  .915628E-03  .219665E-06 -.230408E+01
 .247176E-01 -.226917E+01 -.162259E+01 -.798915E+00  .108382E+01  .934321E-03  .228729E-06 -.230473E+01
 .252223E-01 -.226917E+01 -.162259E+01 -.798916E+00  .108380E+01  .953392E-03  .238165E-06 -.230540E+01
 .257372E-01 -.226917E+01 -.162259E+01 -.798918E+00  .108378E+01  .972848E-03  .247988E-06 -.230607E+01
 .262625E-01 -.226917E+01 -.162259E+01 -.798920E+00  .108376E+01  .992695E-03  .258213E-06 -.230676E+01
 .267984E-01 -.226917E+01 -.162259E+01 -.798921E+00  .108374E+01  .101294E-02  .268858E-06 -.230746E+01
 .273452E-01 -.226917E+01 -.162259E+01 -.798923E+00  .108372E+01  .103360E-02  .279940E-06 -.230817E+01
 .279030E-01 -.226917E+01 -.162260E+01 -.798925E+00  .108370E+01  .105467E-02  .291476E-06 -.230889E+01
 .284720E-01 -.226917E+01 -.162260E+01 -.798927E+00  .108367E+01  .107617E-02  .303485E-06 -.230963E+01
 .290526E-01 -.226918E+01 -.162260E+01 -.798929E+00  .108365E+01  .109811E-02  .315987E-06 -.231037E+01
 .296449E-01 -.226918E+01 -.162260E+01 -.798932E+00  .108362E+01  .112048E-02  .329001E-06 -.231113E+01
 .302491E-01 -.226918E+01 -.162260E+01 -.798934E+00  .108360E+01  .114331E-02  .342548E-06 -.231190E+01
 .308656E-01 -.226918E+01 -.162261E+01 -.798936E+00  .108357E+01  .116659E-02  .356651E-06 -.231268E+01
 .314945E-01 -.226918E+01 -.162261E+01 -.798939E+00  .108354E+01  .119035E-02  .371332E-06 -.231347E+01
 .321361E-01 -.226918E+01 -.162261E+01 -.798941E+00  .108351E+01  .121458E-02  .386614E-06 -.231427E+01
 .327907E-01 -.226919E+01 -.162261E+01 -.798944E+00  .108348E+01  .123930E-02  .402522E-06 -.231509E+01
 .334585E-01 -.226919E+01 -.162261E+01 -.798947E+00  .108345E+01  .126453E-02  .419082E-06 -.231592E+01
 .341398E-01 -.226919E+01 -.162262E+01 -.798949E+00  .108341E+01  .129026E-02  .436321E-06 -.231676E+01
 .348348E-01 -.226919E+01 -.162262E+01 -.798952E+00  .108338E+01  .131650E-02  .454265E-06 -.231761E+01
 .355439E-01 -.226919E+01 -.162262E+01 -.798955E+00  .108334E+01  .134328E-02  .472945E-06 -.231848E+01
 .362674E-01 -.226919E+01 -.162262E+01 -.798959E+00  .108330E+01  .137060E-02  .492390E-06 -.231936E+01
 .370054E-01 -.226920E+01 -.162263E+01 -.798962E+00  .108326E+01  .139847E-02  .512631E-06 -.232025E+01
 .377584E-01 -.226920E+01 -.162263E+01 -.798965E+00  .108322E+01  .142690E-02  .533701E-06 -.232115E+01
 .385265E-01 -.226920E+01 -.162263E+01 -.798969E+00  .108318E+01  .145590E-02  .555633E-06 -.232207E+01
 .393102E-01 -.226920E+01 -.162264E+01 -.798973E+00  .108313E+01  .148548E-02  .578464E-06 -.232300E+01
 .401097E-01 -.226920E+01 -.162264E+01 -.798977E+00  .108309E+01  .151567E-02  .602229E-06 -.232394E+01
 .409253E-01 -.226921E+01 -.162264E+01 -.798981E+00  .108304E+01  .154646E-02  .626967E-06 -.232489E+01
 .417575E-01 -.226921E+01 -.162265E+01 -.798985E+00  .108299E+01  .157787E-02  .652718E-06 -.232586E+01
 .426064E-01 -.226921E+01 -.162265E+01 -.798990E+00  .108293E+01  .160991E-02  .679522E-06 -.232684E+01
 .434725E-01 -.226921E+01 -.162265E+01 -.798994E+00  .108288E+01  .164259E-02  .707423E-06 -.232783E+01
 .443561E-01 -.226921E+01 -.162266E+01 -.798999E+00  .108282E+01  .167594E-02  .736467E-06 -.232884E+01
 .452575E-01 -.226921E+01 -.162266E+01 -.799004E+00  .108276E+01  .170996E-02  .766698E-06 -.232985E+01
 .461772E-01 -.226922E+01 -.162266E+01 -.799009E+00  .108270E+01  .174466E-02  .798167E-06 -.233088E+01
 .471154E-01 -.226922E+01 -.162267E+01 -.799015E+00  .108264E+01  .178006E-02  .830922E-06 -.233192E+01
 .480726E-01 -.226922E+01 -.162267E+01 -.799020E+00  .108257E+01  .181617E-02  .865018E-06 -.233298E+01
 .490491E-01 -.226922E+01 -.162268E+01 -.799026E+00  .108250E+01  .185300E-02  .900509E-06 -.233404E+01
 .500454E-01 -.226922E+01 -.162268E+01 -.799032E+00  .108243E+01  .189058E-02  .937451E-06 -.233512E+01
 .510617E-01 -.226922E+01 -.162268E+01 -.799038E+00  .108235E+01  .192892E-02  .975904E-06 -.233621E+01
 .520986E-01 -.226922E+01 -.162269E+01 -.799045E+00  .108228E+01  .196802E-02  .101593E-05 -.233731E+01
 .531565E-01 -.226922E+01 -.162269E+01 -.799052E+00  .108219E+01  .200791E-02  .105759E-05 -.233842E+01
 .542357E-01 -.226922E+01 -.162270E+01 -.799059E+00  .108211E+01  .204860E-02  .110096E-05 -.233955E+01
 .553367E-01 -.226922E+01 -.162270E+01 -.799067E+00  .108202E+01  .209011E-02  .114610E-05 -.234068E+01
 .564600E-01 -.226922E+01 -.162271E+01 -.799074E+00  .108193E+01  .213245E-02  .119308E-05 -.234183E+01
 .576059E-01 -.226922E+01 -.162271E+01 -.799082E+00  .108183E+01  .217564E-02  .124199E-05 -.234299E+01
 .587750E-01 -.226922E+01 -.162271E+01 -.799091E+00  .108173E+01  .221970E-02  .129289E-05 -.234415E+01
 .599678E-01 -.226922E+01 -.162272E+01 -.799099E+00  .108163E+01  .226464E-02  .134588E-05 -.234533E+01
 .611846E-01 -.226922E+01 -.162272E+01 -.799108E+00  .108152E+01  .231049E-02  .140103E-05 -.234651E+01
 .624260E-01 -.226921E+01 -.162273E+01 -.799118E+00  .108141E+01  .235725E-02  .145843E-05 -.234771E+01
 .636925E-01 -.226921E+01 -.162273E+01 -.799127E+00  .108129E+01  .240495E-02  .151818E-05 -.234891E+01
 .649845E-01 -.226921E+01 -.162274E+01 -.799138E+00  .108117E+01  .245361E-02  .158037E-05 -.235012E+01
 .663027E-01 -.226920E+01 -.162274E+01 -.799148E+00  .108104E+01  .250325E-02  .164511E-05 -.235134E+01
 .676475E-01 -.226920E+01 -.162275E+01 -.799159E+00  .108091E+01  .255387E-02  .171248E-05 -.235257E+01
 .690194E-01 -.226919E+01 -.162275E+01 -.799171E+00  .108077E+01  .260552E-02  .178261E-05 -.235380E+01
 .704191E-01 -.226918E+01 -.162275E+01 -.799183E+00  .108063E+01  .265819E-02  .185560E-05 -.235504E+01
 .718470E-01 -.226918E+01 -.162276E+01 -.799195E+00  .108048E+01  .271192E-02  .193158E-05 -.235628E+01
 .733038E-01 -.226917E+01 -.162276E+01 -.799208E+00  .108032E+01  .276672E-02  .201066E-05 -.235753E+01
 .747901E-01 -.226915E+01 -.162276E+01 -.799221E+00  .108016E+01  .282262E-02  .209297E-05 -.235878E+01
 .763063E-01 -.226914E+01 -.162277E+01 -.799235E+00  .108000E+01  .287964E-02  .217864E-05 -.236004E+01
 .778532E-01 -.226913E+01 -.162277E+01 -.799249E+00  .107982E+01  .293779E-02  .226780E-05 -.236130E+01
 .794313E-01 -.226911E+01 -.162277E+01 -.799264E+00  .107964E+01  .299711E-02  .236061E-05 -.236256E+01
 .810413E-01 -.226909E+01 -.162277E+01 -.799280E+00  .107945E+01  .305761E-02  .245721E-05 -.236382E+01
 .826838E-01 -.226907E+01 -.162278E+01 -.799296E+00  .107925E+01  .311931E-02  .255774E-05 -.236507E+01
 .843596E-01 -.226905E+01 -.162278E+01 -.799313E+00  .107905E+01  .318225E-02  .266239E-05 -.236633E+01
 .860691E-01 -.226902E+01 -.162278E+01 -.799331E+00  .107883E+01  .324644E-02  .277130E-05 -.236758E+01
 .878132E-01 -.226899E+01 -.162278E+01 -.799349E+00  .107861E+01  .331191E-02  .288466E-05 -.236883E+01
 .895926E-01 -.226896E+01 -.162277E+01 -.799368E+00  .107838E+01  .337868E-02  .300264E-05 -.237008E+01
 .914078E-01 -.226893E+01 -.162277E+01 -.799387E+00  .107814E+01  .344678E-02  .312544E-05 -.237132E+01
 .932598E-01 -.226889E+01 -.162277E+01 -.799408E+00  .107789E+01  .351623E-02  .325324E-05 -.237255E+01
 .951491E-01 -.226885E+01 -.162276E+01 -.799429E+00  .107763E+01  .358706E-02  .338626E-05 -.237376E+01
 .970767E-01 -.226880E+01 -.162276E+01 -.799451E+00  .107736E+01  .365930E-02  .352471E-05 -.237497E+01
 .990431E-01 -.226875E+01 -.162275E+01 -.799474E+00  .107708E+01  .373298E-02  .366880E-05 -.237617E+01
 .101049E+00 -.226869E+01 -.162274E+01 -.799498E+00  .107678E+01  .380811E-02  .381876E-05 -.237735E+01
 .103096E+00 -.226863E+01 -.162273E+01 -.799522E+00  .107648E+01  .388473E-02  .397485E-05 -.237851E+01
 .105184E+00 -.226856E+01 -.162271E+01 -.799548E+00  .107616E+01  .396286E-02  .413729E-05 -.237966E+01
 .107314E+00 -.226848E+01 -.162270E+01 -.799574E+00  .107583E+01  .404254E-02  .430636E-05 -.238078E+01
 .109488E+00 -.226840E+01 -.162268E+01 -.799602E+00  .107549E+01  .412380E-02  .448231E-05 -.238188E+01
 .111705E+00 -.226831E+01 -.162266E+01 -.799631E+00  .107513E+01  .420666E-02  .466544E-05 -.238296E+01
 .113967E+00 -.226821E+01 -.162264E+01 -.799661E+00  .107475E+01  .429115E-02  .485603E-05 -.238401E+01
 .116275E+00 -.226810E+01 -.162261E+01 -.799691E+00  .107437E+01  .437730E-02  .505438E-05 -.238503E+01
 .118629E+00 -.226798E+01 -.162258E+01 -.799724E+00  .107396E+01  .446515E-02  .526082E-05 -.238601E+01
 .121031E+00 -.226784E+01 -.162255E+01 -.799757E+00  .107354E+01  .455473E-02  .547566E-05 -.238696E+01
 .123481E+00 -.226770E+01 -.162251E+01 -.799791E+00  .107310E+01  .464607E-02  .569925E-05 -.238788E+01
 .125981E+00 -.226754E+01 -.162247E+01 -.799827E+00  .107265E+01  .473919E-02  .593194E-05 -.238875E+01
 .128531E+00 -.226737E+01 -.162242E+01 -.799864E+00  .107218E+01  .483414E-02  .617411E-05 -.238957E+01
 .131133E+00 -.226718E+01 -.162236E+01 -.799903E+00  .107168E+01  .493095E-02  .642614E-05 -.239035E+01
 .133788E+00 -.226698E+01 -.162230E+01 -.799943E+00  .107117E+01  .502965E-02  .668842E-05 -.239107E+01
 .136496E+00 -.226676E+01 -.162224E+01 -.799984E+00  .107064E+01  .513027E-02  .696137E-05 -.239174E+01
 .139258E+00 -.226651E+01 -.162216E+01 -.800027E+00  .107008E+01  .523285E-02  .724543E-05 -.239236E+01
 .142077E+00 -.226625E+01 -.162208E+01 -.800071E+00  .106951E+01  .533743E-02  .754104E-05 -.239290E+01
 .144953E+00 -.226596E+01 -.162199E+01 -.800118E+00  .106890E+01  .544404E-02  .784867E-05 -.239339E+01
 .147886E+00 -.226565E+01 -.162189E+01 -.800165E+00  .106828E+01  .555271E-02  .816881E-05 -.239379E+01
 .150879E+00 -.226531E+01 -.162178E+01 -.800215E+00  .106763E+01  .566349E-02  .850197E-05 -.239413E+01
 .153932E+00 -.226494E+01 -.162166E+01 -.800266E+00  .106695E+01  .577640E-02  .884866E-05 -.239438E+01
 .157047E+00 -.226453E+01 -.162153E+01 -.800319E+00  .106625E+01  .589149E-02  .920944E-05 -.239454E+01
 .160225E+00 -.226410E+01 -.162138E+01 -.800373E+00  .106552E+01  .600880E-02  .958488E-05 -.239462E+01
 .163467E+00 -.226362E+01 -.162122E+01 -.800430E+00  .106476E+01  .612835E-02  .997556E-05 -.239460E+01
 .166775E+00 -.226310E+01 -.162104E+01 -.800488E+00  .106396E+01  .625020E-02  .103821E-04 -.239447E+01
 .170150E+00 -.226254E+01 -.162085E+01 -.800549E+00  .106314E+01  .637437E-02  .108051E-04 -.239424E+01
 .173592E+00 -.226193E+01 -.162063E+01 -.800611E+00  .106228E+01  .650092E-02  .112454E-04 -.239389E+01
 .177104E+00 -.226127E+01 -.162040E+01 -.800676E+00  .106139E+01  .662987E-02  .117034E-04 -.239342E+01
 .180688E+00 -.226056E+01 -.162014E+01 -.800743E+00  .106046E+01  .676126E-02  .121801E-04 -.239282E+01
 .184343E+00 -.225978E+01 -.161987E+01 -.800811E+00  .105950E+01  .689515E-02  .126761E-04 -.239209E+01
 .188073E+00 -.225894E+01 -.161956E+01 -.800883E+00  .105849E+01  .703156E-02  .131921E-04 -.239122E+01
 .191877E+00 -.225803E+01 -.161923E+01 -.800956E+00  .105745E+01  .717053E-02  .137291E-04 -.239019E+01
 .195759E+00 -.225704E+01 -.161887E+01 -.801031E+00  .105637E+01  .731211E-02  .142879E-04 -.238902E+01
 .199719E+00 -.225597E+01 -.161848E+01 -.801109E+00  .105524E+01  .745634E-02  .148692E-04 -.238767E+01
 .203759E+00 -.225482E+01 -.161805E+01 -.801189E+00  .105406E+01  .760326E-02  .154741E-04 -.238615E+01
 .207880E+00 -.225357E+01 -.161758E+01 -.801272E+00  .105284E+01  .775290E-02  .161035E-04 -.238445E+01
 .212085E+00 -.225221E+01 -.161707E+01 -.801356E+00  .105157E+01  .790531E-02  .167583E-04 -.238256E+01
 .216375E+00 -.225075E+01 -.161652E+01 -.801443E+00  .105026E+01  .806053E-02  .174396E-04 -.238047E+01
 .220751E+00 -.224917E+01 -.161592E+01 -.801533E+00  .104888E+01  .821860E-02  .181484E-04 -.237817E+01
 .225216E+00 -.224746E+01 -.161526E+01 -.801625E+00  .104746E+01  .837956E-02  .188859E-04 -.237565E+01
 .229771E+00 -.224561E+01 -.161455E+01 -.801719E+00  .104598E+01  .854345E-02  .196531E-04 -.237290E+01
 .234418E+00 -.224361E+01 -.161378E+01 -.801816E+00  .104444E+01  .871031E-02  .204513E-04 -.236992E+01
 .239159E+00 -.224146E+01 -.161295E+01 -.801914E+00  .104283E+01  .888018E-02  .212816E-04 -.236668E+01
 .243996E+00 -.223913E+01 -.161204E+01 -.802015E+00  .104117E+01  .905310E-02  .221455E-04 -.236317E+01
 .248930E+00 -.223663E+01 -.161106E+01 -.802119E+00  .103944E+01  .922910E-02  .230442E-04 -.235940E+01
 .253965E+00 -.223392E+01 -.161000E+01 -.802224E+00  .103764E+01  .940822E-02  .239790E-04 -.235534E+01
 .259100E+00 -.223100E+01 -.160885E+01 -.802331E+00  .103577E+01  .959051E-02  .249515E-04 -.235098E+01
 .264340E+00 -.222786E+01 -.160761E+01 -.802440E+00  .103383E+01  .977600E-02  .259630E-04 -.234631E+01
 .269685E+00 -.222447E+01 -.160626E+01 -.802551E+00  .103182E+01  .996472E-02  .270153E-04 -.234131E+01
 .275139E+00 -.222083E+01 -.160481E+01 -.802664E+00  .102972E+01  .101567E-01  .281098E-04 -.233599E+01
 .280702E+00 -.221690E+01 -.160323E+01 -.802778E+00  .102755E+01  .103520E-01  .292482E-04 -.233031E+01
 .286378E+00 -.221268E+01 -.160154E+01 -.802893E+00  .102529E+01  .105506E-01  .304323E-04 -.232427E+01
 .292169E+00 -.220814E+01 -.159970E+01 -.803009E+00  .102294E+01  .107526E-01  .316639E-04 -.231785E+01
 .298076E+00 -.220326E+01 -.159773E+01 -.803126E+00  .102051E+01  .109580E-01  .329448E-04 -.231105E+01
 .304103E+00 -.219801E+01 -.159559E+01 -.803244E+00  .101798E+01  .111669E-01  .342769E-04 -.230383E+01
 .310252E+00 -.219238E+01 -.159329E+01 -.803361E+00  .101536E+01  .113791E-01  .356623E-04 -.229620E+01
 .316525E+00 -.218633E+01 -.159081E+01 -.803478E+00  .101263E+01  .115949E-01  .371031E-04 -.228813E+01
 .322925E+00 -.217984E+01 -.158814E+01 -.803594E+00  .100981E+01  .118141E-01  .386013E-04 -.227961E+01
 .329453E+00 -.217288E+01 -.158527E+01 -.803709E+00  .100688E+01  .120369E-01  .401593E-04 -.227063E+01
 .336114E+00 -.216543E+01 -.158218E+01 -.803822E+00  .100384E+01  .122632E-01  .417794E-04 -.226117E+01
 .342910E+00 -.215744E+01 -.157886E+01 -.803932E+00  .100068E+01  .124931E-01  .434639E-04 -.225121E+01
 .349842E+00 -.214889E+01 -.157529E+01 -.804039E+00  .997415E+00  .127266E-01  .452154E-04 -.224074E+01
 .356915E+00 -.213975E+01 -.157146E+01 -.804142E+00  .994026E+00  .129636E-01  .470365E-04 -.222975E+01
 .364130E+00 -.212997E+01 -.156734E+01 -.804241E+00  .990515E+00  .132042E-01  .489298E-04 -.221821E+01
 .371492E+00 -.211952E+01 -.156293E+01 -.804333E+00  .986876E+00  .134485E-01  .508980E-04 -.220612E+01
 .379002E+00 -.210837E+01 -.155820E+01 -.804419E+00  .983108E+00  .136963E-01  .529442E-04 -.219345E+01
 .386663E+00 -.209647E+01 -.155313E+01 -.804496E+00  .979205E+00  .139478E-01  .550712E-04 -.218020E+01
 .394480E+00 -.208379E+01 -.154771E+01 -.804565E+00  .975165E+00  .142028E-01  .572821E-04 -.216635E+01
 .402454E+00 -.207028E+01 -.154191E+01 -.804622E+00  .970984E+00  .144614E-01  .595801E-04 -.215189E+01
 .410590E+00 -.205591E+01 -.153571E+01 -.804667E+00  .966658E+00  .147236E-01  .619686E-04 -.213680E+01
 .418890E+00 -.204062E+01 -.152909E+01 -.804699E+00  .962185E+00  .149894E-01  .644509E-04 -.212107E+01
 .427357E+00 -.202439E+01 -.152202E+01 -.804714E+00  .957560E+00  .152588E-01  .670305E-04 -.210468E+01
 .435996E+00 -.200716E+01 -.151449E+01 -.804712E+00  .952781E+00  .155316E-01  .697112E-04 -.208763E+01
 .444809E+00 -.198889E+01 -.150646E+01 -.804689E+00  .947843E+00  .158080E-01  .724966E-04 -.206990E+01
 .453800E+00 -.196955E+01 -.149792E+01 -.804644E+00  .942746E+00  .160878E-01  .753907E-04 -.205149E+01
 .462973E+00 -.194908E+01 -.148884E+01 -.804574E+00  .937484E+00  .163711E-01  .783975E-04 -.203238E+01
 .472331E+00 -.192747E+01 -.147919E+01 -.804476E+00  .932056E+00  .166577E-01  .815212E-04 -.201258E+01
 .481878E+00 -.190465E+01 -.146895E+01 -.804346E+00  .926459E+00  .169477E-01  .847660E-04 -.199206E+01
 .491618E+00 -.188062E+01 -.145809E+01 -.804182E+00  .920691E+00  .172410E-01  .881364E-04 -.197083E+01
 .501555E+00 -.185532E+01 -.144660E+01 -.803980E+00  .914751E+00  .175375E-01  .916370E-04 -.194889E+01
 .511692E+00 -.182874E+01 -.143444E+01 -.803736E+00  .908635E+00  .178372E-01  .952724E-04 -.192623E+01
 .522034E+00 -.180085E+01 -.142160E+01 -.803445E+00  .902344E+00  .181400E-01  .990476E-04 -.190285E+01
 .532586E+00 -.177164E+01 -.140806E+01 -.803103E+00  .895876E+00  .184459E-01  .102967E-03 -.187876E+01
 .543350E+00 -.174110E+01 -.139380E+01 -.802704E+00  .889231E+00  .187548E-01  .107037E-03 -.185395E+01
 .554332E+00 -.170922E+01 -.137879E+01 -.802245E+00  .882408E+00  .190665E-01  .111262E-03 -.182845E+01
 .565535E+00 -.167602E+01 -.136304E+01 -.801717E+00  .875408E+00  .193811E-01  .115648E-03 -.180225E+01
 .576965E+00 -.164151E+01 -.134652E+01 -.801116E+00  .868231E+00  .196985E-01  .120200E-03 -.177537E+01
 .588626E+00 -.160571E+01 -.132923E+01 -.800435E+00  .860880E+00  .200186E-01  .124924E-03 -.174781E+01
 .600523E+00 -.156867E+01 -.131117E+01 -.799666E+00  .853356E+00  .203412E-01  .129826E-03 -.171961E+01
 .612659E+00 -.153043E+01 -.129234E+01 -.798803E+00  .845661E+00  .206663E-01  .134912E-03 -.169078E+01
 .625041E+00 -.149107E+01 -.127274E+01 -.797836E+00  .837800E+00  .209939E-01  .140189E-03 -.166135E+01
 .637673E+00 -.145066E+01 -.125239E+01 -.796758E+00  .829775E+00  .213238E-01  .145662E-03 -.163133E+01
 .650560E+00 -.140931E+01 -.123131E+01 -.795559E+00  .821591E+00  .216559E-01  .151339E-03 -.160076E+01
 .663708E+00 -.136714E+01 -.120953E+01 -.794229E+00  .813253E+00  .219902E-01  .157226E-03 -.156968E+01
 .677121E+00 -.132427E+01 -.118708E+01 -.792759E+00  .804767E+00  .223265E-01  .163330E-03 -.153812E+01
 .690805E+00 -.128086E+01 -.116400E+01 -.791138E+00  .796138E+00  .226649E-01  .169659E-03 -.150612E+01
 .704766E+00 -.123708E+01 -.114036E+01 -.789355E+00  .787375E+00  .230051E-01  .176218E-03 -.147372E+01
 .719009E+00 -.119314E+01 -.111620E+01 -.787398E+00  .778485E+00  .233472E-01  .183017E-03 -.144097E+01
 .733539E+00 -.114923E+01 -.109161E+01 -.785254E+00  .769474E+00  .236911E-01  .190062E-03 -.140793E+01
 .748363E+00 -.110561E+01 -.106667E+01 -.782912E+00  .760353E+00  .240367E-01  .197361E-03 -.137464E+01
 .763486E+00 -.106251E+01 -.104147E+01 -.780358E+00  .751131E+00  .243839E-01  .204922E-03 -.134117E+01
 .778915E+00 -.102020E+01 -.101610E+01 -.777580E+00  .741815E+00  .247327E-01  .212753E-03 -.130756E+01
 .794655E+00 -.978963E+00 -.990699E+00 -.774563E+00  .732416E+00  .250831E-01  .220862E-03 -.127389E+01
 .810714E+00 -.939090E+00 -.965372E+00 -.771293E+00  .722944E+00  .254349E-01  .229258E-03 -.124022E+01
 .827097E+00 -.900873E+00 -.940253E+00 -.767757E+00  .713408E+00  .257883E-01  .237949E-03 -.120662E+01
 .843811E+00 -.864609E+00 -.915477E+00 -.763941E+00  .703818E+00  .261430E-01  .246943E-03 -.117316E+01
 .860862E+00 -.830583E+00 -.891183E+00 -.759831E+00  .694183E+00  .264992E-01  .256251E-03 -.113990E+01
 .878258E+00 -.799067E+00 -.867513E+00 -.755414E+00  .684511E+00  .268567E-01  .265879E-03 -.110691E+01
 .896006E+00 -.770308E+00 -.844605E+00 -.750675E+00  .674812E+00  .272155E-01  .275839E-03 -.107428E+01
 .914111E+00 -.744514E+00 -.822590E+00 -.745603E+00  .665092E+00  .275757E-01  .286138E-03 -.104206E+01
 .932583E+00 -.721845E+00 -.801588E+00 -.740186E+00  .655358E+00  .279370E-01  .296787E-03 -.101033E+01
 .951428E+00 -.702398E+00 -.781704E+00 -.734412E+00  .645615E+00  .282996E-01  .307794E-03 -.979166E+00
 .970653E+00 -.686188E+00 -.763016E+00 -.728271E+00  .635869E+00  .286633E-01  .319169E-03 -.948623E+00
 .990267E+00 -.673141E+00 -.745575E+00 -.721756E+00  .626122E+00  .290281E-01  .330923E-03 -.918769E+00
 .101028E+01 -.663068E+00 -.729394E+00 -.714859E+00  .616375E+00  .293937E-01  .343065E-03 -.889664E+00
 .103069E+01 -.655663E+00 -.714441E+00 -.707574E+00  .606630E+00  .297602E-01  .355606E-03 -.861362E+00
 .105152E+01 -.650488E+00 -.700639E+00 -.699899E+00  .596886E+00  .301273E-01  .368555E-03 -.833915E+00
 .107277E+01 -.646973E+00 -.687854E+00 -.691833E+00  .587141E+00  .304949E-01  .381924E-03 -.807369E+00
 .109444E+01 -.644425E+00 -.675899E+00 -.683376E+00  .577393E+00  .308627E-01  .395722E-03 -.781760E+00
 .111656E+01 -.642052E+00 -.664541E+00 -.674533E+00  .567639E+00  .312305E-01  .409962E-03 -.757121E+00
 .113912E+01 -.639016E+00 -.653507E+00 -.665311E+00  .557875E+00  .315981E-01  .424653E-03 -.733475E+00
 .116214E+01 -.634510E+00 -.642824E+00 -.655717E+00  .548100E+00  .319651E-01  .439808E-03 -.710840E+00
 .118562E+01 -.627889E+00 -.631571E+00 -.645767E+00  .538312E+00  .323314E-01  .455437E-03 -.689222E+00
 .120957E+01 -.618989E+00 -.619817E+00 -.635473E+00  .528511E+00  .326965E-01  .471554E-03 -.668622E+00
 .123402E+01 -.607731E+00 -.607763E+00 -.624856E+00  .518698E+00  .330604E-01  .488170E-03 -.649030E+00
 .125895E+01 -.595735E+00 -.595735E+00 -.613937E+00  .508877E+00  .334226E-01  .505297E-03 -.630431E+00
 .128439E+01 -.583936E+00 -.583936E+00 -.602744E+00  .499050E+00  .337830E-01  .522950E-03 -.612798E+00
 .131034E+01 -.572371E+00 -.572371E+00 -.591306E+00  .489223E+00  .341414E-01  .541141E-03 -.596101E+00
 .133681E+01 -.561035E+00 -.561035E+00 -.579658E+00  .479398E+00  .344975E-01  .559883E-03 -.580300E+00
 .136383E+01 -.549924E+00 -.549924E+00 -.567841E+00  .469580E+00  .348511E-01  .579193E-03 -.565350E+00
 .139138E+01 -.539033E+00 -.539033E+00 -.555897E+00  .459773E+00  .352018E-01  .599083E-03 -.551202E+00
 .141949E+01 -.528357E+00 -.528357E+00 -.543875E+00  .449981E+00  .355494E-01  .619570E-03 -.537802E+00
 .144818E+01 -.517893E+00 -.517893E+00 -.531826E+00  .440208E+00  .358937E-01  .640669E-03 -.525093E+00
 .147744E+01 -.507636E+00 -.507636E+00 -.519806E+00  .430459E+00  .362343E-01  .662397E-03 -.513019E+00
 .150729E+01 -.497582E+00 -.497582E+00 -.507871E+00  .420737E+00  .365711E-01  .684771E-03 -.501519E+00
 .153774E+01 -.487728E+00 -.487728E+00 -.496081E+00  .411047E+00  .369036E-01  .707808E-03 -.490539E+00
 .156881E+01 -.478069E+00 -.478069E+00 -.484495E+00  .401394E+00  .372316E-01  .731527E-03 -.480022E+00
 .160051E+01 -.468601E+00 -.468601E+00 -.473171E+00  .391782E+00  .375548E-01  .755944E-03 -.469917E+00
 .163285E+01 -.459320E+00 -.459320E+00 -.462050E+00  .382215E+00  .378730E-01  .781080E-03 -.460178E+00
 .166584E+01 -.450224E+00 -.450224E+00 -.451282E+00  .372698E+00  .381857E-01  .806954E-03 -.450761E+00
 .169950E+01 -.441307E+00 -.441307E+00 -.441298E+00  .363235E+00  .384927E-01  .833584E-03 -.441629E+00
 .173383E+01 -.432567E+00 -.432567E+00 -.431952E+00  .353830E+00  .387937E-01  .860990E-03 -.432750E+00
 .176886E+01 -.424001E+00 -.424001E+00 -.423115E+00  .344490E+00  .390883E-01  .889189E-03 -.424098E+00
 .180460E+01 -.415604E+00 -.415604E+00 -.414675E+00  .335216E+00  .393763E-01  .918200E-03 -.415652E+00
 .184106E+01 -.407373E+00 -.407373E+00 -.406541E+00  .326016E+00  .396573E-01  .948040E-03 -.407395E+00
 .187826E+01 -.399305E+00 -.399305E+00 -.398639E+00  .316891E+00  .399310E-01  .978727E-03 -.399314E+00
 .191621E+01 -.391397E+00 -.391397E+00 -.390916E+00  .307848E+00  .401970E-01  .101028E-02 -.391400E+00
 .195493E+01 -.383646E+00 -.383646E+00 -.383335E+00  .298891E+00  .404552E-01  .104271E-02 -.383647E+00
 .199442E+01 -.376049E+00 -.376049E+00 -.375872E+00  .290023E+00  .407050E-01  .107604E-02 -.376049E+00
 .203472E+01 -.368601E+00 -.368601E+00 -.368519E+00  .281250E+00  .409462E-01  .111028E-02 -.368601E+00
 .207583E+01 -.361301E+00 -.361301E+00 -.361274E+00  .272575E+00  .411786E-01  .114546E-02 -.361301E+00
 .211777E+01 -.354146E+00 -.354146E+00 -.354141E+00  .264003E+00  .414017E-01  .118158E-02 -.354146E+00
 .216056E+01 -.347133E+00 -.347133E+00 -.347133E+00  .255538E+00  .416152E-01  .121868E-02 -.347133E+00
 .220421E+01 -.340258E+00 -.340258E+00 -.340258E+00  .247183E+00  .418189E-01  .125676E-02 -.340258E+00
 .224874E+01 -.333520E+00 -.333520E+00 -.333520E+00  .238944E+00  .420123E-01  .129584E-02 -.333520E+00
 .229417E+01 -.326915E+00 -.326915E+00 -.326915E+00  .230823E+00  .421954E-01  .133595E-02 -.326915E+00
 .234052E+01 -.320441E+00 -.320441E+00 -.320441E+00  .222825E+00  .423676E-01  .137710E-02 -.320441E+00
 .238781E+01 -.314095E+00 -.314095E+00 -.314095E+00  .214952E+00  .425288E-01  .141930E-02 -.314095E+00
 .243605E+01 -.307875E+00 -.307875E+00 -.307875E+00  .207210E+00  .426786E-01  .146259E-02 -.307875E+00
 .248527E+01 -.301778E+00 -.301778E+00 -.301778E+00  .199600E+00  .428168E-01  .150696E-02 -.301778E+00
 .253548E+01 -.295802E+00 -.295802E+00 -.295802E+00  .192127E+00  .429432E-01  .155245E-02 -.295802E+00
 .258671E+01 -.289944E+00 -.289944E+00 -.289944E+00  .184793E+00  .430574E-01  .159908E-02 -.289944E+00
 .263897E+01 -.284202E+00 -.284202E+00 -.284202E+00  .177602E+00  .431592E-01  .164685E-02 -.284202E+00
 .269228E+01 -.278574E+00 -.278574E+00 -.278574E+00  .170556E+00  .432485E-01  .169579E-02 -.278574E+00
 .274668E+01 -.273057E+00 -.273057E+00 -.273057E+00  .163657E+00  .433249E-01  .174592E-02 -.273057E+00
 .280217E+01 -.267650E+00 -.267650E+00 -.267650E+00  .156909E+00  .433884E-01  .179725E-02 -.267650E+00
 .285878E+01 -.262350E+00 -.262350E+00 -.262350E+00  .150313E+00  .434386E-01  .184981E-02 -.262350E+00
 .291654E+01 -.257154E+00 -.257154E+00 -.257154E+00  .143872E+00  .434756E-01  .190362E-02 -.257154E+00
 .297546E+01 -.252062E+00 -.252062E+00 -.252062E+00  .137587E+00  .434990E-01  .195869E-02 -.252062E+00
 .303558E+01 -.247070E+00 -.247070E+00 -.247070E+00  .131460E+00  .435089E-01  .201504E-02 -.247070E+00
 .309690E+01 -.242177E+00 -.242177E+00 -.242177E+00  .125492E+00  .435051E-01  .207269E-02 -.242177E+00
 .315947E+01 -.237381E+00 -.237381E+00 -.237381E+00  .119685E+00  .434875E-01  .213167E-02 -.237381E+00
 .322330E+01 -.232681E+00 -.232681E+00 -.232681E+00  .114040E+00  .434561E-01  .219200E-02 -.232681E+00
 .328842E+01 -.228073E+00 -.228073E+00 -.228073E+00  .108558E+00  .434108E-01  .225369E-02 -.228073E+00
 .335486E+01 -.223556E+00 -.223556E+00 -.223556E+00  .103238E+00  .433517E-01  .231678E-02 -.223556E+00
 .342264E+01 -.219129E+00 -.219129E+00 -.219129E+00  .980819E-01  .432787E-01  .238127E-02 -.219129E+00
 .349178E+01 -.214790E+00 -.214790E+00 -.214790E+00  .930893E-01  .431919E-01  .244720E-02 -.214790E+00
 .356233E+01 -.210536E+00 -.210536E+00 -.210536E+00  .882600E-01  .430915E-01  .251459E-02 -.210536E+00
 .363430E+01 -.206367E+00 -.206367E+00 -.206367E+00  .835938E-01  .429773E-01  .258347E-02 -.206367E+00
 .370772E+01 -.202281E+00 -.202281E+00 -.202281E+00  .790899E-01  .428497E-01  .265385E-02 -.202281E+00
 .378263E+01 -.198275E+00 -.198275E+00 -.198275E+00  .747476E-01  .427088E-01  .272578E-02 -.198275E+00
 .385905E+01 -.194349E+00 -.194349E+00 -.194349E+00  .705657E-01  .425548E-01  .279927E-02 -.194349E+00
 .393701E+01 -.190500E+00 -.190500E+00 -.190500E+00  .665431E-01  .423877E-01  .287436E-02 -.190500E+00
 .401655E+01 -.186728E+00 -.186728E+00 -.186728E+00  .626782E-01  .422080E-01  .295108E-02 -.186728E+00
 .409769E+01 -.183030E+00 -.183030E+00 -.183030E+00  .589692E-01  .420159E-01  .302945E-02 -.183030E+00
 .418048E+01 -.179405E+00 -.179405E+00 -.179405E+00  .554142E-01  .418117E-01  .310953E-02 -.179405E+00
 .426493E+01 -.175853E+00 -.175853E+00 -.175853E+00  .520110E-01  .415956E-01  .319133E-02 -.175853E+00
 .435109E+01 -.172370E+00 -.172370E+00 -.172370E+00  .487572E-01  .413681E-01  .327490E-02 -.172370E+00
 .443900E+01 -.168957E+00 -.168957E+00 -.168957E+00  .456504E-01  .411294E-01  .336027E-02 -.168957E+00
 .452868E+01 -.165611E+00 -.165611E+00 -.165611E+00  .426876E-01  .408801E-01  .344749E-02 -.165611E+00
 .462017E+01 -.162332E+00 -.162332E+00 -.162332E+00  .398661E-01  .406204E-01  .353660E-02 -.162332E+00
 .471351E+01 -.159117E+00 -.159117E+00 -.159117E+00  .371827E-01  .403509E-01  .362763E-02 -.159117E+00
 .480873E+01 -.155966E+00 -.155966E+00 -.155966E+00  .346342E-01  .400718E-01  .372064E-02 -.155966E+00
 .490588E+01 -.152878E+00 -.152878E+00 -.152878E+00  .322171E-01  .397838E-01  .381567E-02 -.152878E+00
 .500499E+01 -.149850E+00 -.149850E+00 -.149850E+00  .299280E-01  .394872E-01  .391277E-02 -.149850E+00
 .510610E+01 -.146883E+00 -.146883E+00 -.146883E+00  .277632E-01  .391825E-01  .401198E-02 -.146883E+00
 .520926E+01 -.143974E+00 -.143974E+00 -.143974E+00  .257190E-01  .388701E-01  .411334E-02 -.143974E+00
 .531450E+01 -.141123E+00 -.141123E+00 -.141123E+00  .237914E-01  .385505E-01  .421691E-02 -.141123E+00
 .542186E+01 -.138329E+00 -.138329E+00 -.138329E+00  .219766E-01  .382241E-01  .432273E-02 -.138329E+00
 .553140E+01 -.135590E+00 -.135590E+00 -.135590E+00  .202705E-01  .378914E-01  .443084E-02 -.135590E+00
 .564315E+01 -.132905E+00 -.132905E+00 -.132905E+00  .186692E-01  .375527E-01  .454128E-02 -.132905E+00
 .575715E+01 -.130273E+00 -.130273E+00 -.130273E+00  .171685E-01  .372085E-01  .465411E-02 -.130273E+00
 .587346E+01 -.127693E+00 -.127693E+00 -.127693E+00  .157644E-01  .368590E-01  .476933E-02 -.127693E+00
 .599212E+01 -.125165E+00 -.125165E+00 -.125165E+00  .144527E-01  .365046E-01  .488700E-02 -.125165E+00
 .611317E+01 -.122686E+00 -.122686E+00 -.122686E+00  .132293E-01  .361456E-01  .500712E-02 -.122686E+00
 .623667E+01 -.120257E+00 -.120257E+00 -.120257E+00  .120902E-01  .357822E-01  .512972E-02 -.120257E+00
 .636266E+01 -.117875E+00 -.117875E+00 -.117875E+00  .110313E-01  .354146E-01  .525481E-02 -.117875E+00
 .649120E+01 -.115541E+00 -.115541E+00 -.115541E+00  .100485E-01  .350431E-01  .538238E-02 -.115541E+00
 .662234E+01 -.113253E+00 -.113253E+00 -.113253E+00  .913808E-02  .346677E-01  .551243E-02 -.113253E+00
 .675612E+01 -.111010E+00 -.111010E+00 -.111010E+00  .829601E-02  .342885E-01  .564493E-02 -.111010E+00
 .689261E+01 -.108812E+00 -.108812E+00 -.108812E+00  .751854E-02  .339056E-01  .577985E-02 -.108812E+00
 .703186E+01 -.106657E+00 -.106657E+00 -.106657E+00  .680198E-02  .335189E-01  .591714E-02 -.106657E+00
 .717392E+01 -.104545E+00 -.104545E+00 -.104545E+00  .614272E-02  .331285E-01  .605675E-02 -.104545E+00
 .731884E+01 -.102475E+00 -.102475E+00 -.102475E+00  .553728E-02  .327342E-01  .619859E-02 -.102475E+00
 .746670E+01 -.100446E+00 -.100446E+00 -.100446E+00  .498228E-02  .323361E-01  .634259E-02 -.100446E+00
 .761754E+01 -.984569E-01 -.984569E-01 -.984569E-01  .447447E-02  .319338E-01  .648864E-02 -.984569E-01
 .777143E+01 -.965073E-01 -.965073E-01 -.965073E-01  .401070E-02  .315274E-01  .663661E-02 -.965073E-01
 .792843E+01 -.945963E-01 -.945963E-01 -.945963E-01  .358796E-02  .311167E-01  .678637E-02 -.945963E-01
 .808860E+01 -.927231E-01 -.927231E-01 -.927231E-01  .320339E-02  .307015E-01  .693778E-02 -.927231E-01
 .825201E+01 -.908870E-01 -.908870E-01 -.908870E-01  .285422E-02  .302816E-01  .709066E-02 -.908870E-01
 .841872E+01 -.890872E-01 -.890872E-01 -.890872E-01  .253784E-02  .298569E-01  .724483E-02 -.890872E-01
 .858879E+01 -.873231E-01 -.873231E-01 -.873231E-01  .225176E-02  .294271E-01  .740009E-02 -.873231E-01
 .876230E+01 -.855940E-01 -.855940E-01 -.855940E-01  .199362E-02  .289923E-01  .755623E-02 -.855940E-01
 .893932E+01 -.838990E-01 -.838990E-01 -.838990E-01  .176118E-02  .285521E-01  .771300E-02 -.838990E-01
 .911991E+01 -.822377E-01 -.822377E-01 -.822377E-01  .155235E-02  .281064E-01  .787016E-02 -.822377E-01
 .930415E+01 -.806092E-01 -.806092E-01 -.806092E-01  .136515E-02  .276552E-01  .802744E-02 -.806092E-01
 .949211E+01 -.790130E-01 -.790130E-01 -.790130E-01  .119771E-02  .271983E-01  .818457E-02 -.790130E-01
 .968387E+01 -.774484E-01 -.774484E-01 -.774484E-01  .104830E-02  .267357E-01  .834124E-02 -.774484E-01
 .987950E+01 -.759148E-01 -.759148E-01 -.759148E-01  .915296E-03  .262673E-01  .849714E-02 -.759148E-01
 .100791E+02 -.744115E-01 -.744115E-01 -.744115E-01  .797174E-03  .257931E-01  .865194E-02 -.744115E-01
 .102827E+02 -.729380E-01 -.729380E-01 -.729380E-01  .692533E-03  .253131E-01  .880530E-02 -.729380E-01
 .104904E+02 -.714937E-01 -.714937E-01 -.714937E-01  .600067E-03  .248273E-01  .895687E-02 -.714937E-01
 .107024E+02 -.700780E-01 -.700780E-01 -.700780E-01  .518569E-03  .243358E-01  .910628E-02 -.700780E-01
 .109186E+02 -.686903E-01 -.686903E-01 -.686903E-01  .446928E-03  .238388E-01  .925314E-02 -.686903E-01
 .111391E+02 -.673302E-01 -.673302E-01 -.673302E-01  .384121E-03  .233364E-01  .939706E-02 -.673302E-01
 .113642E+02 -.659969E-01 -.659969E-01 -.659969E-01  .329210E-03  .228287E-01  .953765E-02 -.659969E-01
 .115938E+02 -.646900E-01 -.646900E-01 -.646900E-01  .281336E-03  .223160E-01  .967448E-02 -.646900E-01
 .118280E+02 -.634091E-01 -.634091E-01 -.634091E-01  .239717E-03  .217986E-01  .980713E-02 -.634091E-01
 .120669E+02 -.621535E-01 -.621535E-01 -.621535E-01  .203641E-03  .212768E-01  .993519E-02 -.621535E-01
 .123107E+02 -.609227E-01 -.609227E-01 -.609227E-01  .172465E-03  .207509E-01  .100582E-01 -.609227E-01
 .125594E+02 -.597163E-01 -.597163E-01 -.597163E-01  .145605E-03  .202212E-01  .101758E-01 -.597163E-01
 .128131E+02 -.585338E-01 -.585338E-01 -.585338E-01  .122535E-03  .196882E-01  .102874E-01 -.585338E-01
 .130719E+02 -.573748E-01 -.573748E-01 -.573748E-01  .102784E-03  .191524E-01  .103927E-01 -.573748E-01
 .133360E+02 -.562387E-01 -.562387E-01 -.562387E-01  .859290E-04  .186142E-01  .104913E-01 -.562387E-01
 .136054E+02 -.551250E-01 -.551250E-01 -.551250E-01  .715939E-04  .180741E-01  .105826E-01 -.551250E-01
 .138803E+02 -.540335E-01 -.540335E-01 -.540335E-01  .594431E-04  .175328E-01  .106663E-01 -.540335E-01
 .141607E+02 -.529635E-01 -.529635E-01 -.529635E-01  .491795E-04  .169907E-01  .107420E-01 -.529635E-01
 .144468E+02 -.519147E-01 -.519147E-01 -.519147E-01  .405408E-04  .164485E-01  .108092E-01 -.519147E-01
 .147386E+02 -.508867E-01 -.508867E-01 -.508867E-01  .332961E-04  .159068E-01  .108675E-01 -.508867E-01
 .150364E+02 -.498791E-01 -.498791E-01 -.498791E-01  .272428E-04  .153663E-01  .109166E-01 -.498791E-01
 .153401E+02 -.488914E-01 -.488914E-01 -.488914E-01  .222042E-04  .148276E-01  .109562E-01 -.488914E-01
 .156500E+02 -.479233E-01 -.479233E-01 -.479233E-01  .180264E-04  .142914E-01  .109858E-01 -.479233E-01
 .159662E+02 -.469743E-01 -.469743E-01 -.469743E-01  .145759E-04  .137584E-01  .110051E-01 -.469743E-01
 .162887E+02 -.460441E-01 -.460441E-01 -.460441E-01  .117376E-04  .132293E-01  .110139E-01 -.460441E-01
 .166178E+02 -.451324E-01 -.451324E-01 -.451324E-01  .941246E-05  .127049E-01  .110119E-01 -.451324E-01
 .169535E+02 -.442387E-01 -.442387E-01 -.442387E-01  .751571E-05  .121858E-01  .109988E-01 -.442387E-01
 .172960E+02 -.433627E-01 -.433627E-01 -.433627E-01  .597504E-05  .116727E-01  .109745E-01 -.433627E-01
 .176454E+02 -.425041E-01 -.425041E-01 -.425041E-01  .472908E-05  .111663E-01  .109387E-01 -.425041E-01
 .180018E+02 -.416624E-01 -.416624E-01 -.416624E-01  .372596E-05  .106673E-01  .108913E-01 -.416624E-01
 .183655E+02 -.408374E-01 -.408374E-01 -.408374E-01  .292202E-05  .101764E-01  .108322E-01 -.408374E-01
 .187365E+02 -.400288E-01 -.400288E-01 -.400288E-01  .228071E-05  .969415E-02  .107614E-01 -.400288E-01
 .191150E+02 -.392361E-01 -.392361E-01 -.392361E-01  .177157E-05  .922126E-02  .106787E-01 -.392361E-01
 .195012E+02 -.384592E-01 -.384592E-01 -.384592E-01  .136932E-05  .875829E-02  .105843E-01 -.384592E-01
 .198951E+02 -.376976E-01 -.376976E-01 -.376976E-01  .105308E-05  .830580E-02  .104781E-01 -.376976E-01
 .202970E+02 -.369512E-01 -.369512E-01 -.369512E-01  .805732E-06  .786432E-02  .103602E-01 -.369512E-01
 .207071E+02 -.362195E-01 -.362195E-01 -.362195E-01  .613254E-06  .743434E-02  .102309E-01 -.362195E-01
 .211254E+02 -.355023E-01 -.355023E-01 -.355023E-01  .464265E-06  .701631E-02  .100902E-01 -.355023E-01
 .215522E+02 -.347993E-01 -.347993E-01 -.347993E-01  .349558E-06  .661064E-02  .993838E-02 -.347993E-01
 .219876E+02 -.341102E-01 -.341102E-01 -.341102E-01  .261729E-06  .621769E-02  .977570E-02 -.341102E-01
 .224317E+02 -.334348E-01 -.334348E-01 -.334348E-01  .194856E-06  .583779E-02  .960248E-02 -.334348E-01
 .228849E+02 -.327727E-01 -.327727E-01 -.327727E-01  .144230E-06  .547121E-02  .941907E-02 -.327727E-01
 .233472E+02 -.321237E-01 -.321237E-01 -.321237E-01  .106127E-06  .511818E-02  .922587E-02 -.321237E-01
 .238189E+02 -.314876E-01 -.314876E-01 -.314876E-01  .776194E-07  .477887E-02  .902331E-02 -.314876E-01
 .243000E+02 -.308641E-01 -.308641E-01 -.308641E-01  .564203E-07  .445342E-02  .881187E-02 -.308641E-01
 .247909E+02 -.302530E-01 -.302530E-01 -.302530E-01  .407536E-07  .414190E-02  .859209E-02 -.302530E-01
 .252918E+02 -.296539E-01 -.296539E-01 -.296539E-01  .292486E-07  .384435E-02  .836452E-02 -.296539E-01
 .258027E+02 -.290667E-01 -.290667E-01 -.290667E-01  .208544E-07  .356076E-02  .812977E-02 -.290667E-01
 .263239E+02 -.284912E-01 -.284912E-01 -.284912E-01  .147701E-07  .329107E-02  .788848E-02 -.284912E-01
 .268557E+02 -.279270E-01 -.279270E-01 -.279270E-01  .103896E-07  .303517E-02  .764131E-02 -.279270E-01
 .273983E+02 -.273740E-01 -.273740E-01 -.273740E-01  .725756E-08  .279292E-02  .738899E-02 -.273740E-01
 .279517E+02 -.268320E-01 -.268320E-01 -.268320E-01  .503373E-08  .256413E-02  .713224E-02 -.268320E-01
 .285164E+02 -.263006E-01 -.263006E-01 -.263006E-01  .346606E-08  .234856E-02  .687181E-02 -.263006E-01
 .290925E+02 -.257799E-01 -.257799E-01 -.257799E-01  .236898E-08  .214596E-02  .660850E-02 -.257799E-01
 .296802E+02 -.252694E-01 -.252694E-01 -.252694E-01  .160695E-08  .195602E-02  .634311E-02 -.252694E-01
 .302798E+02 -.247690E-01 -.247690E-01 -.247690E-01  .108165E-08  .177842E-02  .607643E-02 -.247690E-01
 .308915E+02 -.242785E-01 -.242785E-01 -.242785E-01  .722355E-09  .161277E-02  .580929E-02 -.242785E-01
 .315155E+02 -.237978E-01 -.237978E-01 -.237978E-01  .478542E-09  .145871E-02  .554251E-02 -.237978E-01
 .321522E+02 -.233266E-01 -.233266E-01 -.233266E-01  .314430E-09  .131581E-02  .527691E-02 -.233266E-01
 .328017E+02 -.228647E-01 -.228647E-01 -.228647E-01  .204875E-09  .118364E-02  .501330E-02 -.228647E-01
 .334644E+02 -.224119E-01 -.224119E-01 -.224119E-01  .132355E-09  .106175E-02  .475245E-02 -.224119E-01
 .341404E+02 -.219681E-01 -.219681E-01 -.219681E-01  .847637E-10  .949667E-03  .449515E-02 -.219681E-01
 .348301E+02 -.215331E-01 -.215331E-01 -.215331E-01  .538051E-10  .846920E-03  .424213E-02 -.215331E-01
 .355337E+02 -.211067E-01 -.211067E-01 -.211067E-01  .338472E-10  .753021E-03  .399411E-02 -.211067E-01
 .362515E+02 -.206888E-01 -.206888E-01 -.206888E-01  .209277E-10  .667479E-03  .375173E-02 -.206888E-01
 .369839E+02 -.202791E-01 -.202791E-01 -.202791E-01  .000000E+00  .589804E-03  .351564E-02 -.202791E-01
 .377310E+02 -.198776E-01 -.198776E-01 -.198776E-01  .000000E+00  .519505E-03  .328640E-02 -.198776E-01
 .384932E+02 -.194839E-01 -.194839E-01 -.194839E-01  .000000E+00  .456097E-03  .306453E-02 -.194839E-01
 .392708E+02 -.190981E-01 -.190981E-01 -.190981E-01  .000000E+00  .399100E-03  .285048E-02 -.190981E-01
 .400642E+02 -.187200E-01 -.187200E-01 -.187200E-01  .000000E+00  .348046E-03  .264466E-02 -.187200E-01
 .408735E+02 -.183493E-01 -.183493E-01 -.183493E-01  .000000E+00  .302480E-03  .244740E-02 -.183493E-01
 .416992E+02 -.179860E-01 -.179860E-01 -.179860E-01  .000000E+00  .261960E-03  .225896E-02 -.179860E-01
 .425416E+02 -.176298E-01 -.176298E-01 -.176298E-01  .000000E+00  .226060E-03  .207955E-02 -.176298E-01
 .434010E+02 -.172807E-01 -.172807E-01 -.172807E-01  .000000E+00  .194374E-03  .190931E-02 -.172807E-01
 .442778E+02 -.169385E-01 -.169385E-01 -.169385E-01  .000000E+00  .166515E-03  .174831E-02 -.169385E-01
 .451722E+02 -.166031E-01 -.166031E-01 -.166031E-01  .000000E+00  .142116E-03  .159657E-02 -.166031E-01
 .460848E+02 -.162743E-01 -.162743E-01 -.162743E-01  .000000E+00  .120831E-03  .145404E-02 -.162743E-01
 .470158E+02 -.159521E-01 -.159521E-01 -.159521E-01  .000000E+00  .102339E-03  .132062E-02 -.159521E-01
 .479656E+02 -.156362E-01 -.156362E-01 -.156362E-01  .000000E+00  .863379E-04  .119615E-02 -.156362E-01
 .489345E+02 -.153266E-01 -.153266E-01 -.153266E-01  .000000E+00  .725497E-04  .108043E-02 -.153266E-01
 .499231E+02 -.150231E-01 -.150231E-01 -.150231E-01  .000000E+00  .607183E-04  .973224E-03 -.150231E-01
 .509316E+02 -.147256E-01 -.147256E-01 -.147256E-01  .000000E+00  .506091E-04  .874243E-03 -.147256E-01
 .519605E+02 -.144340E-01 -.144340E-01 -.144340E-01  .000000E+00  .420086E-04  .783177E-03 -.144340E-01
 .530102E+02 -.141482E-01 -.141482E-01 -.141482E-01  .000000E+00  .347237E-04  .699689E-03 -.141482E-01
 .540811E+02 -.138681E-01 -.138681E-01 -.138681E-01  .000000E+00  .285803E-04  .623418E-03 -.138681E-01
 .551736E+02 -.135935E-01 -.135935E-01 -.135935E-01  .000000E+00  .234228E-04  .553992E-03 -.135935E-01
 .562882E+02 -.133243E-01 -.133243E-01 -.133243E-01  .000000E+00  .191127E-04  .491026E-03 -.133243E-01
 .574253E+02 -.130605E-01 -.130605E-01 -.130605E-01  .000000E+00  .155273E-04  .434130E-03 -.130605E-01
 .585853E+02 -.128018E-01 -.128018E-01 -.128018E-01  .000000E+00  .125587E-04  .382915E-03 -.128018E-01
 .597688E+02 -.125483E-01 -.125483E-01 -.125483E-01  .000000E+00  .101125E-04  .336993E-03 -.125483E-01
 .609763E+02 -.122999E-01 -.122999E-01 -.122999E-01  .000000E+00  .810649E-05  .295987E-03 -.122999E-01
 .622081E+02 -.120563E-01 -.120563E-01 -.120563E-01  .000000E+00  .646971E-05  .259528E-03 -.120563E-01
 .634648E+02 -.118176E-01 -.118176E-01 -.118176E-01  .000000E+00  .514103E-05  .227262E-03 -.118176E-01
 .647468E+02 -.115836E-01 -.115836E-01 -.115836E-01  .000000E+00  .406825E-05  .198852E-03 -.115836E-01
 .660548E+02 -.113542E-01 -.113542E-01 -.113542E-01  .000000E+00  .320702E-05  .173980E-03 -.113542E-01
 .673892E+02 -.111294E-01 -.111294E-01 -.111294E-01  .000000E+00  .251994E-05  .152348E-03 -.111294E-01
 .687506E+02 -.109090E-01 -.109090E-01 -.109090E-01  .000000E+00  .197566E-05  .133682E-03 -.109090E-01
 .701394E+02 -.106930E-01 -.106930E-01 -.106930E-01  .000000E+00  .154816E-05  .117731E-03 -.106930E-01
 .715563E+02 -.104812E-01 -.104812E-01 -.104812E-01  .000000E+00  .121601E-05  .104271E-03 -.104812E-01
 .730019E+02 -.102737E-01 -.102737E-01 -.102737E-01  .000000E+00  .961825E-06  .931042E-04 -.102737E-01
 .744766E+02 -.100703E-01 -.100703E-01 -.100703E-01  .000000E+00  .771722E-06  .840621E-04 -.100703E-01
 .759812E+02 -.987087E-02 -.987087E-02 -.987087E-02  .000000E+00  .634935E-06  .770066E-04 -.987087E-02
 .775161E+02 -.967541E-02 -.967541E-02 -.967541E-02  .000000E+00  .543501E-06  .718331E-04 -.967541E-02
