 656, 0, 101, 1.25, 0, 1.25, 0.0, 0.0  0   ***nrr,ic,iatom,z,spd_loc,occ_s,occ_p,occ_d,iso  (Ecut= 44 Ryd)
 1  1    1         1    1    0
 .000000E+00 -.405769E+01 -.277215E+01 -.142098E+01  .190385E+01  .000000E+00  .000000E+00 -.405769E+01
 .323221E-05 -.405769E+01 -.277215E+01 -.142098E+01  .190385E+01  .269706E-06  .128813E-13 -.405769E+01
 .652972E-05 -.405769E+01 -.277215E+01 -.142098E+01  .190385E+01  .544860E-06  .525714E-13 -.405770E+01
 .989385E-05 -.405769E+01 -.277215E+01 -.142098E+01  .190385E+01  .825573E-06  .120695E-12 -.405771E+01
 .133259E-04 -.405769E+01 -.277215E+01 -.142098E+01  .190385E+01  .111196E-05  .218955E-12 -.405772E+01
 .168274E-04 -.405769E+01 -.277215E+01 -.142098E+01  .190385E+01  .140413E-05  .349133E-12 -.405773E+01
 .203995E-04 -.405769E+01 -.277215E+01 -.142098E+01  .190385E+01  .170220E-05  .513096E-12 -.405774E+01
 .240438E-04 -.405769E+01 -.277215E+01 -.142098E+01  .190385E+01  .200629E-05  .712798E-12 -.405775E+01
 .277617E-04 -.405769E+01 -.277215E+01 -.142098E+01  .190385E+01  .231652E-05  .950284E-12 -.405776E+01
 .315548E-04 -.405769E+01 -.277215E+01 -.142098E+01  .190385E+01  .263303E-05  .122769E-11 -.405777E+01
 .354244E-04 -.405769E+01 -.277215E+01 -.142098E+01  .190385E+01  .295592E-05  .154727E-11 -.405778E+01
 .393723E-04 -.405769E+01 -.277215E+01 -.142098E+01  .190385E+01  .328534E-05  .191135E-11 -.405779E+01
 .433999E-04 -.405769E+01 -.277215E+01 -.142098E+01  .190385E+01  .362142E-05  .232240E-11 -.405780E+01
 .475088E-04 -.405769E+01 -.277215E+01 -.142098E+01  .190385E+01  .396428E-05  .278297E-11 -.405781E+01
 .517008E-04 -.405769E+01 -.277215E+01 -.142098E+01  .190385E+01  .431407E-05  .329575E-11 -.405782E+01
 .559774E-04 -.405769E+01 -.277215E+01 -.142098E+01  .190385E+01  .467093E-05  .386354E-11 -.405783E+01
 .603404E-04 -.405769E+01 -.277215E+01 -.142098E+01  .190385E+01  .503499E-05  .448928E-11 -.405784E+01
 .647916E-04 -.405769E+01 -.277215E+01 -.142098E+01  .190385E+01  .540641E-05  .517604E-11 -.405785E+01
 .693327E-04 -.405769E+01 -.277215E+01 -.142098E+01  .190385E+01  .578533E-05  .592702E-11 -.405787E+01
 .739655E-04 -.405769E+01 -.277215E+01 -.142098E+01  .190385E+01  .617191E-05  .674557E-11 -.405788E+01
 .786919E-04 -.405769E+01 -.277215E+01 -.142098E+01  .190385E+01  .656630E-05  .763520E-11 -.405789E+01
 .835139E-04 -.405769E+01 -.277215E+01 -.142098E+01  .190385E+01  .696865E-05  .859958E-11 -.405790E+01
 .884331E-04 -.405769E+01 -.277215E+01 -.142098E+01  .190385E+01  .737913E-05  .964251E-11 -.405792E+01
 .934518E-04 -.405769E+01 -.277215E+01 -.142098E+01  .190385E+01  .779791E-05  .107680E-10 -.405793E+01
 .985719E-04 -.405769E+01 -.277215E+01 -.142098E+01  .190385E+01  .822514E-05  .119803E-10 -.405794E+01
 .103795E-03 -.405769E+01 -.277215E+01 -.142098E+01  .190385E+01  .866101E-05  .132836E-10 -.405795E+01
 .109124E-03 -.405769E+01 -.277215E+01 -.142098E+01  .190385E+01  .910567E-05  .146826E-10 -.405797E+01
 .114561E-03 -.405769E+01 -.277215E+01 -.142098E+01  .190385E+01  .955933E-05  .161821E-10 -.405798E+01
 .120108E-03 -.405769E+01 -.277215E+01 -.142098E+01  .190385E+01  .100222E-04  .177869E-10 -.405800E+01
 .125766E-03 -.405769E+01 -.277215E+01 -.142098E+01  .190385E+01  .104943E-04  .195024E-10 -.405801E+01
 .131539E-03 -.405769E+01 -.277215E+01 -.142098E+01  .190385E+01  .109760E-04  .213338E-10 -.405803E+01
 .137428E-03 -.405769E+01 -.277215E+01 -.142098E+01  .190385E+01  .114674E-04  .232870E-10 -.405804E+01
 .143437E-03 -.405769E+01 -.277215E+01 -.142098E+01  .190385E+01  .119688E-04  .253678E-10 -.405806E+01
 .149567E-03 -.405769E+01 -.277215E+01 -.142098E+01  .190385E+01  .124803E-04  .275823E-10 -.405807E+01
 .155820E-03 -.405769E+01 -.277215E+01 -.142098E+01  .190385E+01  .130021E-04  .299370E-10 -.405809E+01
 .162200E-03 -.405769E+01 -.277215E+01 -.142098E+01  .190385E+01  .135345E-04  .324388E-10 -.405811E+01
 .168709E-03 -.405769E+01 -.277215E+01 -.142098E+01  .190385E+01  .140776E-04  .350944E-10 -.405812E+01
 .175350E-03 -.405769E+01 -.277215E+01 -.142098E+01  .190385E+01  .146317E-04  .379114E-10 -.405814E+01
 .182124E-03 -.405769E+01 -.277215E+01 -.142098E+01  .190385E+01  .151970E-04  .408974E-10 -.405816E+01
 .189036E-03 -.405769E+01 -.277215E+01 -.142098E+01  .190385E+01  .157737E-04  .440603E-10 -.405818E+01
 .196087E-03 -.405769E+01 -.277215E+01 -.142098E+01  .190385E+01  .163621E-04  .474084E-10 -.405820E+01
 .203280E-03 -.405769E+01 -.277215E+01 -.142098E+01  .190385E+01  .169623E-04  .509506E-10 -.405821E+01
 .210619E-03 -.405769E+01 -.277215E+01 -.142098E+01  .190385E+01  .175747E-04  .546958E-10 -.405823E+01
 .218106E-03 -.405769E+01 -.277215E+01 -.142098E+01  .190385E+01  .181994E-04  .586535E-10 -.405825E+01
 .225744E-03 -.405769E+01 -.277215E+01 -.142098E+01  .190385E+01  .188368E-04  .628337E-10 -.405827E+01
 .233536E-03 -.405769E+01 -.277215E+01 -.142098E+01  .190385E+01  .194870E-04  .672465E-10 -.405829E+01
 .241486E-03 -.405769E+01 -.277215E+01 -.142098E+01  .190385E+01  .201504E-04  .719028E-10 -.405831E+01
 .249597E-03 -.405769E+01 -.277215E+01 -.142098E+01  .190385E+01  .208271E-04  .768137E-10 -.405833E+01
 .257871E-03 -.405769E+01 -.277215E+01 -.142098E+01  .190385E+01  .215176E-04  .819911E-10 -.405835E+01
 .266313E-03 -.405769E+01 -.277215E+01 -.142098E+01  .190385E+01  .222220E-04  .874470E-10 -.405838E+01
 .274925E-03 -.405769E+01 -.277215E+01 -.142098E+01  .190385E+01  .229406E-04  .931942E-10 -.405840E+01
 .283711E-03 -.405769E+01 -.277215E+01 -.142098E+01  .190385E+01  .236737E-04  .992460E-10 -.405842E+01
 .292675E-03 -.405769E+01 -.277215E+01 -.142098E+01  .190385E+01  .244217E-04  .105616E-09 -.405844E+01
 .301819E-03 -.405769E+01 -.277215E+01 -.142098E+01  .190385E+01  .251847E-04  .112319E-09 -.405847E+01
 .311149E-03 -.405769E+01 -.277215E+01 -.142098E+01  .190385E+01  .259632E-04  .119370E-09 -.405849E+01
 .320667E-03 -.405769E+01 -.277215E+01 -.142098E+01  .190385E+01  .267574E-04  .126785E-09 -.405852E+01
 .330377E-03 -.405769E+01 -.277215E+01 -.142098E+01  .190385E+01  .275676E-04  .134580E-09 -.405854E+01
 .340283E-03 -.405769E+01 -.277215E+01 -.142098E+01  .190385E+01  .283943E-04  .142771E-09 -.405857E+01
 .350389E-03 -.405769E+01 -.277215E+01 -.142098E+01  .190385E+01  .292375E-04  .151378E-09 -.405860E+01
 .360700E-03 -.405769E+01 -.277215E+01 -.142098E+01  .190385E+01  .300979E-04  .160418E-09 -.405862E+01
 .371219E-03 -.405769E+01 -.277215E+01 -.142098E+01  .190385E+01  .309756E-04  .169910E-09 -.405865E+01
 .381950E-03 -.405769E+01 -.277215E+01 -.142098E+01  .190385E+01  .318711E-04  .179876E-09 -.405868E+01
 .392898E-03 -.405769E+01 -.277215E+01 -.142098E+01  .190385E+01  .327846E-04  .190336E-09 -.405870E+01
 .404067E-03 -.405769E+01 -.277215E+01 -.142098E+01  .190385E+01  .337166E-04  .201311E-09 -.405873E+01
 .415462E-03 -.405769E+01 -.277215E+01 -.142098E+01  .190385E+01  .346675E-04  .212825E-09 -.405876E+01
 .427087E-03 -.405769E+01 -.277215E+01 -.142098E+01  .190385E+01  .356375E-04  .224902E-09 -.405879E+01
 .438947E-03 -.405769E+01 -.277215E+01 -.142098E+01  .190385E+01  .366271E-04  .237566E-09 -.405882E+01
 .451047E-03 -.405769E+01 -.277215E+01 -.142098E+01  .190385E+01  .376367E-04  .250844E-09 -.405886E+01
 .463391E-03 -.405769E+01 -.277215E+01 -.142098E+01  .190385E+01  .386667E-04  .264762E-09 -.405889E+01
 .475984E-03 -.405769E+01 -.277215E+01 -.142098E+01  .190385E+01  .397176E-04  .279348E-09 -.405892E+01
 .488832E-03 -.405769E+01 -.277215E+01 -.142098E+01  .190385E+01  .407896E-04  .294632E-09 -.405895E+01
 .501939E-03 -.405769E+01 -.277215E+01 -.142098E+01  .190385E+01  .418833E-04  .310644E-09 -.405899E+01
 .515311E-03 -.405769E+01 -.277215E+01 -.142098E+01  .190385E+01  .429992E-04  .327416E-09 -.405902E+01
 .528954E-03 -.405769E+01 -.277215E+01 -.142098E+01  .190385E+01  .441375E-04  .344981E-09 -.405906E+01
 .542871E-03 -.405769E+01 -.277215E+01 -.142098E+01  .190385E+01  .452988E-04  .363374E-09 -.405909E+01
 .557070E-03 -.405769E+01 -.277215E+01 -.142098E+01  .190385E+01  .464836E-04  .382631E-09 -.405913E+01
 .571556E-03 -.405769E+01 -.277215E+01 -.142098E+01  .190385E+01  .476924E-04  .402789E-09 -.405917E+01
 .586334E-03 -.405769E+01 -.277215E+01 -.142098E+01  .190385E+01  .489255E-04  .423888E-09 -.405921E+01
 .601411E-03 -.405769E+01 -.277215E+01 -.142098E+01  .190385E+01  .501836E-04  .445968E-09 -.405924E+01
 .616793E-03 -.405769E+01 -.277215E+01 -.142098E+01  .190385E+01  .514671E-04  .469071E-09 -.405928E+01
 .632485E-03 -.405769E+01 -.277215E+01 -.142098E+01  .190385E+01  .527765E-04  .493243E-09 -.405933E+01
 .648494E-03 -.405769E+01 -.277215E+01 -.142098E+01  .190384E+01  .541123E-04  .518528E-09 -.405937E+01
 .664827E-03 -.405769E+01 -.277215E+01 -.142098E+01  .190384E+01  .554752E-04  .544976E-09 -.405941E+01
 .681490E-03 -.405769E+01 -.277215E+01 -.142098E+01  .190384E+01  .568656E-04  .572636E-09 -.405945E+01
 .698489E-03 -.405769E+01 -.277215E+01 -.142098E+01  .190384E+01  .582840E-04  .601560E-09 -.405950E+01
 .715832E-03 -.405769E+01 -.277215E+01 -.142098E+01  .190384E+01  .597312E-04  .631803E-09 -.405954E+01
 .733525E-03 -.405769E+01 -.277215E+01 -.142098E+01  .190384E+01  .612075E-04  .663421E-09 -.405959E+01
 .751575E-03 -.405769E+01 -.277215E+01 -.142098E+01  .190384E+01  .627137E-04  .696473E-09 -.405963E+01
 .769990E-03 -.405769E+01 -.277215E+01 -.142098E+01  .190384E+01  .642503E-04  .731021E-09 -.405968E+01
 .788777E-03 -.405769E+01 -.277215E+01 -.142098E+01  .190384E+01  .658179E-04  .767129E-09 -.405973E+01
 .807944E-03 -.405769E+01 -.277215E+01 -.142098E+01  .190384E+01  .674173E-04  .804863E-09 -.405978E+01
 .827497E-03 -.405769E+01 -.277215E+01 -.142098E+01  .190384E+01  .690489E-04  .844293E-09 -.405983E+01
 .847446E-03 -.405769E+01 -.277215E+01 -.142098E+01  .190384E+01  .707135E-04  .885491E-09 -.405988E+01
 .867798E-03 -.405769E+01 -.277215E+01 -.142098E+01  .190384E+01  .724117E-04  .928533E-09 -.405993E+01
 .888561E-03 -.405769E+01 -.277215E+01 -.142098E+01  .190384E+01  .741442E-04  .973496E-09 -.405999E+01
 .909743E-03 -.405769E+01 -.277215E+01 -.142098E+01  .190384E+01  .759117E-04  .102046E-08 -.406004E+01
 .931353E-03 -.405769E+01 -.277215E+01 -.142098E+01  .190384E+01  .777149E-04  .106952E-08 -.406010E+01
 .953400E-03 -.405769E+01 -.277215E+01 -.142098E+01  .190384E+01  .795546E-04  .112075E-08 -.406015E+01
 .975892E-03 -.405769E+01 -.277215E+01 -.142098E+01  .190384E+01  .814314E-04  .117426E-08 -.406021E+01
 .998839E-03 -.405769E+01 -.277215E+01 -.142098E+01  .190384E+01  .833461E-04  .123013E-08 -.406027E+01
 .102225E-02 -.405769E+01 -.277215E+01 -.142098E+01  .190384E+01  .852995E-04  .128847E-08 -.406033E+01
 .104613E-02 -.405769E+01 -.277215E+01 -.142098E+01  .190384E+01  .872924E-04  .134938E-08 -.406039E+01
 .107050E-02 -.405769E+01 -.277215E+01 -.142098E+01  .190384E+01  .893255E-04  .141296E-08 -.406046E+01
 .109535E-02 -.405769E+01 -.277215E+01 -.142098E+01  .190384E+01  .913997E-04  .147935E-08 -.406052E+01
 .112071E-02 -.405769E+01 -.277215E+01 -.142098E+01  .190384E+01  .935158E-04  .154864E-08 -.406058E+01
 .114659E-02 -.405769E+01 -.277215E+01 -.142098E+01  .190384E+01  .956747E-04  .162097E-08 -.406065E+01
 .117298E-02 -.405769E+01 -.277215E+01 -.142098E+01  .190384E+01  .978771E-04  .169646E-08 -.406072E+01
 .119991E-02 -.405769E+01 -.277215E+01 -.142098E+01  .190384E+01  .100124E-03  .177524E-08 -.406079E+01
 .122738E-02 -.405769E+01 -.277215E+01 -.142098E+01  .190384E+01  .102416E-03  .185746E-08 -.406086E+01
 .125541E-02 -.405769E+01 -.277215E+01 -.142098E+01  .190384E+01  .104755E-03  .194326E-08 -.406093E+01
 .128400E-02 -.405769E+01 -.277215E+01 -.142098E+01  .190384E+01  .107141E-03  .203279E-08 -.406100E+01
 .131317E-02 -.405769E+01 -.277215E+01 -.142098E+01  .190384E+01  .109575E-03  .212620E-08 -.406108E+01
 .134293E-02 -.405769E+01 -.277215E+01 -.142098E+01  .190384E+01  .112058E-03  .222366E-08 -.406116E+01
 .137329E-02 -.405769E+01 -.277215E+01 -.142098E+01  .190384E+01  .114592E-03  .232534E-08 -.406123E+01
 .140427E-02 -.405769E+01 -.277215E+01 -.142098E+01  .190384E+01  .117176E-03  .243142E-08 -.406131E+01
 .143587E-02 -.405769E+01 -.277215E+01 -.142098E+01  .190384E+01  .119813E-03  .254208E-08 -.406140E+01
 .146811E-02 -.405769E+01 -.277215E+01 -.142098E+01  .190384E+01  .122503E-03  .265752E-08 -.406148E+01
 .150100E-02 -.405769E+01 -.277215E+01 -.142098E+01  .190384E+01  .125248E-03  .277792E-08 -.406156E+01
 .153455E-02 -.405769E+01 -.277215E+01 -.142098E+01  .190384E+01  .128048E-03  .290351E-08 -.406165E+01
 .156878E-02 -.405769E+01 -.277215E+01 -.142098E+01  .190384E+01  .130904E-03  .303449E-08 -.406174E+01
 .160371E-02 -.405769E+01 -.277215E+01 -.142098E+01  .190384E+01  .133818E-03  .317110E-08 -.406183E+01
 .163934E-02 -.405769E+01 -.277215E+01 -.142098E+01  .190384E+01  .136791E-03  .331357E-08 -.406192E+01
 .167569E-02 -.405769E+01 -.277215E+01 -.142098E+01  .190384E+01  .139824E-03  .346215E-08 -.406201E+01
 .171277E-02 -.405769E+01 -.277215E+01 -.142098E+01  .190384E+01  .142919E-03  .361708E-08 -.406211E+01
 .175060E-02 -.405769E+01 -.277215E+01 -.142098E+01  .190384E+01  .146075E-03  .377863E-08 -.406220E+01
 .178920E-02 -.405769E+01 -.277215E+01 -.142098E+01  .190384E+01  .149296E-03  .394709E-08 -.406230E+01
 .182858E-02 -.405769E+01 -.277215E+01 -.142098E+01  .190384E+01  .152582E-03  .412274E-08 -.406241E+01
 .186875E-02 -.405769E+01 -.277215E+01 -.142098E+01  .190384E+01  .155934E-03  .430587E-08 -.406251E+01
 .190973E-02 -.405769E+01 -.277215E+01 -.142098E+01  .190384E+01  .159353E-03  .449681E-08 -.406261E+01
 .195154E-02 -.405769E+01 -.277215E+01 -.142098E+01  .190384E+01  .162842E-03  .469587E-08 -.406272E+01
 .199420E-02 -.405769E+01 -.277215E+01 -.142098E+01  .190384E+01  .166402E-03  .490339E-08 -.406283E+01
 .203772E-02 -.405769E+01 -.277215E+01 -.142098E+01  .190384E+01  .170033E-03  .511973E-08 -.406294E+01
 .208211E-02 -.405769E+01 -.277215E+01 -.142098E+01  .190384E+01  .173737E-03  .534525E-08 -.406306E+01
 .212741E-02 -.405769E+01 -.277215E+01 -.142098E+01  .190384E+01  .177517E-03  .558034E-08 -.406317E+01
 .217361E-02 -.405769E+01 -.277215E+01 -.142098E+01  .190384E+01  .181373E-03  .582539E-08 -.406329E+01
 .222076E-02 -.405769E+01 -.277215E+01 -.142098E+01  .190383E+01  .185306E-03  .608082E-08 -.406341E+01
 .226885E-02 -.405769E+01 -.277215E+01 -.142098E+01  .190383E+01  .189319E-03  .634705E-08 -.406353E+01
 .231792E-02 -.405769E+01 -.277215E+01 -.142098E+01  .190383E+01  .193414E-03  .662454E-08 -.406366E+01
 .236798E-02 -.405769E+01 -.277215E+01 -.142098E+01  .190383E+01  .197590E-03  .691375E-08 -.406379E+01
 .241904E-02 -.405769E+01 -.277215E+01 -.142098E+01  .190383E+01  .201852E-03  .721518E-08 -.406392E+01
 .247114E-02 -.405769E+01 -.277215E+01 -.142098E+01  .190383E+01  .206199E-03  .752932E-08 -.406405E+01
 .252430E-02 -.405769E+01 -.277215E+01 -.142098E+01  .190383E+01  .210634E-03  .785670E-08 -.406419E+01
 .257852E-02 -.405769E+01 -.277215E+01 -.142098E+01  .190383E+01  .215159E-03  .819788E-08 -.406432E+01
 .263384E-02 -.405769E+01 -.277215E+01 -.142098E+01  .190383E+01  .219775E-03  .855342E-08 -.406447E+01
 .269028E-02 -.405769E+01 -.277215E+01 -.142098E+01  .190383E+01  .224485E-03  .892392E-08 -.406461E+01
 .274786E-02 -.405769E+01 -.277215E+01 -.142098E+01  .190383E+01  .229289E-03  .931000E-08 -.406476E+01
 .280661E-02 -.405769E+01 -.277215E+01 -.142098E+01  .190383E+01  .234191E-03  .971231E-08 -.406491E+01
 .286653E-02 -.405769E+01 -.277215E+01 -.142098E+01  .190383E+01  .239191E-03  .101315E-07 -.406506E+01
 .292767E-02 -.405769E+01 -.277215E+01 -.142098E+01  .190383E+01  .244293E-03  .105683E-07 -.406521E+01
 .299005E-02 -.405769E+01 -.277215E+01 -.142098E+01  .190383E+01  .249498E-03  .110234E-07 -.406537E+01
 .305369E-02 -.405769E+01 -.277215E+01 -.142098E+01  .190383E+01  .254808E-03  .114976E-07 -.406553E+01
 .311861E-02 -.405769E+01 -.277215E+01 -.142098E+01  .190383E+01  .260225E-03  .119917E-07 -.406570E+01
 .318484E-02 -.405769E+01 -.277215E+01 -.142098E+01  .190383E+01  .265751E-03  .125065E-07 -.406587E+01
 .325241E-02 -.405769E+01 -.277215E+01 -.142098E+01  .190382E+01  .271390E-03  .130428E-07 -.406604E+01
 .332134E-02 -.405769E+01 -.277215E+01 -.142098E+01  .190382E+01  .277142E-03  .136015E-07 -.406621E+01
 .339167E-02 -.405769E+01 -.277215E+01 -.142098E+01  .190382E+01  .283010E-03  .141836E-07 -.406639E+01
 .346342E-02 -.405769E+01 -.277215E+01 -.142098E+01  .190382E+01  .288997E-03  .147900E-07 -.406658E+01
 .353662E-02 -.405769E+01 -.277215E+01 -.142098E+01  .190382E+01  .295104E-03  .154218E-07 -.406676E+01
 .361130E-02 -.405769E+01 -.277215E+01 -.142098E+01  .190382E+01  .301336E-03  .160800E-07 -.406695E+01
 .368748E-02 -.405768E+01 -.277215E+01 -.142098E+01  .190382E+01  .307693E-03  .167656E-07 -.406714E+01
 .376521E-02 -.405768E+01 -.277215E+01 -.142098E+01  .190382E+01  .314178E-03  .174798E-07 -.406734E+01
 .384450E-02 -.405768E+01 -.277215E+01 -.142098E+01  .190382E+01  .320795E-03  .182238E-07 -.406754E+01
 .392539E-02 -.405768E+01 -.277215E+01 -.142098E+01  .190381E+01  .327545E-03  .189988E-07 -.406775E+01
 .400793E-02 -.405768E+01 -.277215E+01 -.142098E+01  .190381E+01  .334431E-03  .198061E-07 -.406796E+01
 .409212E-02 -.405768E+01 -.277215E+01 -.142098E+01  .190381E+01  .341457E-03  .206470E-07 -.406817E+01
 .417802E-02 -.405768E+01 -.277215E+01 -.142098E+01  .190381E+01  .348624E-03  .215229E-07 -.406839E+01
 .426566E-02 -.405768E+01 -.277215E+01 -.142098E+01  .190381E+01  .355936E-03  .224352E-07 -.406861E+01
 .435506E-02 -.405768E+01 -.277215E+01 -.142098E+01  .190381E+01  .363396E-03  .233855E-07 -.406883E+01
 .444627E-02 -.405768E+01 -.277215E+01 -.142098E+01  .190380E+01  .371007E-03  .243753E-07 -.406906E+01
 .453932E-02 -.405768E+01 -.277215E+01 -.142098E+01  .190380E+01  .378771E-03  .254063E-07 -.406930E+01
 .463426E-02 -.405768E+01 -.277215E+01 -.142098E+01  .190380E+01  .386693E-03  .264800E-07 -.406954E+01
 .473111E-02 -.405768E+01 -.277215E+01 -.142098E+01  .190380E+01  .394774E-03  .275984E-07 -.406978E+01
 .482991E-02 -.405768E+01 -.277215E+01 -.142098E+01  .190380E+01  .403018E-03  .287632E-07 -.407003E+01
 .493072E-02 -.405768E+01 -.277215E+01 -.142098E+01  .190380E+01  .411429E-03  .299763E-07 -.407028E+01
 .503356E-02 -.405768E+01 -.277215E+01 -.142098E+01  .190379E+01  .420010E-03  .312398E-07 -.407054E+01
 .513847E-02 -.405768E+01 -.277215E+01 -.142098E+01  .190379E+01  .428764E-03  .325556E-07 -.407080E+01
 .524551E-02 -.405768E+01 -.277215E+01 -.142098E+01  .190379E+01  .437696E-03  .339261E-07 -.407107E+01
 .535471E-02 -.405768E+01 -.277215E+01 -.142098E+01  .190379E+01  .446807E-03  .353533E-07 -.407134E+01
 .546611E-02 -.405768E+01 -.277215E+01 -.142098E+01  .190378E+01  .456103E-03  .368396E-07 -.407162E+01
 .557977E-02 -.405768E+01 -.277215E+01 -.142098E+01  .190378E+01  .465586E-03  .383875E-07 -.407191E+01
 .569572E-02 -.405768E+01 -.277215E+01 -.142098E+01  .190378E+01  .475261E-03  .399995E-07 -.407220E+01
 .581401E-02 -.405768E+01 -.277215E+01 -.142098E+01  .190378E+01  .485131E-03  .416783E-07 -.407249E+01
 .593469E-02 -.405768E+01 -.277215E+01 -.142098E+01  .190377E+01  .495201E-03  .434265E-07 -.407280E+01
 .605782E-02 -.405768E+01 -.277215E+01 -.142098E+01  .190377E+01  .505474E-03  .452470E-07 -.407310E+01
 .618342E-02 -.405768E+01 -.277215E+01 -.142098E+01  .190377E+01  .515954E-03  .471428E-07 -.407341E+01
 .631157E-02 -.405768E+01 -.277215E+01 -.142098E+01  .190376E+01  .526647E-03  .491170E-07 -.407373E+01
 .644230E-02 -.405768E+01 -.277215E+01 -.142098E+01  .190376E+01  .537555E-03  .511729E-07 -.407406E+01
 .657568E-02 -.405768E+01 -.277215E+01 -.142098E+01  .190376E+01  .548683E-03  .533136E-07 -.407439E+01
 .671175E-02 -.405768E+01 -.277215E+01 -.142098E+01  .190375E+01  .560037E-03  .555429E-07 -.407473E+01
 .685057E-02 -.405768E+01 -.277215E+01 -.142098E+01  .190375E+01  .571620E-03  .578642E-07 -.407507E+01
 .699219E-02 -.405768E+01 -.277215E+01 -.142098E+01  .190375E+01  .583436E-03  .602814E-07 -.407543E+01
 .713667E-02 -.405768E+01 -.277215E+01 -.142098E+01  .190374E+01  .595492E-03  .627984E-07 -.407578E+01
 .728408E-02 -.405768E+01 -.277214E+01 -.142098E+01  .190374E+01  .607790E-03  .654193E-07 -.407615E+01
 .743446E-02 -.405768E+01 -.277214E+01 -.142098E+01  .190373E+01  .620338E-03  .681483E-07 -.407652E+01
 .758787E-02 -.405768E+01 -.277214E+01 -.142098E+01  .190373E+01  .633138E-03  .709899E-07 -.407690E+01
 .774439E-02 -.405768E+01 -.277214E+01 -.142098E+01  .190372E+01  .646197E-03  .739488E-07 -.407728E+01
 .790407E-02 -.405768E+01 -.277214E+01 -.142098E+01  .190372E+01  .659520E-03  .770296E-07 -.407768E+01
 .806698E-02 -.405768E+01 -.277214E+01 -.142098E+01  .190371E+01  .673112E-03  .802375E-07 -.407808E+01
 .823317E-02 -.405768E+01 -.277214E+01 -.142098E+01  .190371E+01  .686979E-03  .835776E-07 -.407849E+01
 .840272E-02 -.405768E+01 -.277214E+01 -.142098E+01  .190370E+01  .701126E-03  .870554E-07 -.407890E+01
 .857570E-02 -.405768E+01 -.277214E+01 -.142098E+01  .190369E+01  .715558E-03  .906765E-07 -.407933E+01
 .875218E-02 -.405768E+01 -.277214E+01 -.142098E+01  .190369E+01  .730282E-03  .944468E-07 -.407976E+01
 .893222E-02 -.405768E+01 -.277214E+01 -.142098E+01  .190368E+01  .745303E-03  .983724E-07 -.408020E+01
 .911589E-02 -.405768E+01 -.277214E+01 -.142098E+01  .190368E+01  .760628E-03  .102460E-06 -.408065E+01
 .930327E-02 -.405768E+01 -.277214E+01 -.142098E+01  .190367E+01  .776262E-03  .106715E-06 -.408111E+01
 .949445E-02 -.405768E+01 -.277214E+01 -.142098E+01  .190366E+01  .792212E-03  .111146E-06 -.408157E+01
 .968948E-02 -.405768E+01 -.277214E+01 -.142098E+01  .190365E+01  .808484E-03  .115759E-06 -.408205E+01
 .988845E-02 -.405768E+01 -.277214E+01 -.142098E+01  .190365E+01  .825084E-03  .120562E-06 -.408253E+01
 .100914E-01 -.405768E+01 -.277214E+01 -.142097E+01  .190364E+01  .842020E-03  .125563E-06 -.408302E+01
 .102985E-01 -.405768E+01 -.277214E+01 -.142097E+01  .190363E+01  .859298E-03  .130769E-06 -.408352E+01
 .105098E-01 -.405768E+01 -.277214E+01 -.142097E+01  .190362E+01  .876925E-03  .136189E-06 -.408404E+01
 .107254E-01 -.405768E+01 -.277214E+01 -.142097E+01  .190361E+01  .894908E-03  .141833E-06 -.408456E+01
 .109453E-01 -.405768E+01 -.277214E+01 -.142097E+01  .190360E+01  .913254E-03  .147708E-06 -.408509E+01
 .111696E-01 -.405768E+01 -.277214E+01 -.142097E+01  .190359E+01  .931970E-03  .153825E-06 -.408563E+01
 .113985E-01 -.405767E+01 -.277214E+01 -.142097E+01  .190358E+01  .951065E-03  .160193E-06 -.408618E+01
 .116320E-01 -.405767E+01 -.277214E+01 -.142097E+01  .190357E+01  .970545E-03  .166824E-06 -.408674E+01
 .118702E-01 -.405767E+01 -.277214E+01 -.142097E+01  .190356E+01  .990418E-03  .173726E-06 -.408731E+01
 .121132E-01 -.405767E+01 -.277214E+01 -.142097E+01  .190355E+01  .101069E-02  .180913E-06 -.408789E+01
 .123611E-01 -.405767E+01 -.277214E+01 -.142097E+01  .190353E+01  .103138E-02  .188394E-06 -.408848E+01
 .126141E-01 -.405767E+01 -.277214E+01 -.142097E+01  .190352E+01  .105248E-02  .196183E-06 -.408909E+01
 .128721E-01 -.405767E+01 -.277214E+01 -.142097E+01  .190351E+01  .107401E-02  .204292E-06 -.408970E+01
 .131354E-01 -.405767E+01 -.277214E+01 -.142097E+01  .190349E+01  .109597E-02  .212733E-06 -.409033E+01
 .134040E-01 -.405767E+01 -.277214E+01 -.142097E+01  .190348E+01  .111838E-02  .221522E-06 -.409096E+01
 .136780E-01 -.405767E+01 -.277213E+01 -.142097E+01  .190346E+01  .114123E-02  .230671E-06 -.409161E+01
 .139576E-01 -.405767E+01 -.277213E+01 -.142097E+01  .190345E+01  .116455E-02  .240196E-06 -.409227E+01
 .142427E-01 -.405767E+01 -.277213E+01 -.142097E+01  .190343E+01  .118834E-02  .250112E-06 -.409294E+01
 .145337E-01 -.405767E+01 -.277213E+01 -.142097E+01  .190341E+01  .121262E-02  .260435E-06 -.409363E+01
 .148305E-01 -.405767E+01 -.277213E+01 -.142097E+01  .190339E+01  .123738E-02  .271181E-06 -.409432E+01
 .151334E-01 -.405767E+01 -.277213E+01 -.142097E+01  .190338E+01  .126264E-02  .282368E-06 -.409503E+01
 .154423E-01 -.405767E+01 -.277213E+01 -.142096E+01  .190336E+01  .128841E-02  .294015E-06 -.409575E+01
 .157575E-01 -.405767E+01 -.277213E+01 -.142096E+01  .190334E+01  .131470E-02  .306139E-06 -.409649E+01
 .160791E-01 -.405767E+01 -.277213E+01 -.142096E+01  .190332E+01  .134152E-02  .318760E-06 -.409724E+01
 .164071E-01 -.405766E+01 -.277213E+01 -.142096E+01  .190329E+01  .136888E-02  .331899E-06 -.409800E+01
 .167418E-01 -.405766E+01 -.277213E+01 -.142096E+01  .190327E+01  .139680E-02  .345577E-06 -.409877E+01
 .170832E-01 -.405766E+01 -.277213E+01 -.142096E+01  .190325E+01  .142528E-02  .359816E-06 -.409956E+01
 .174316E-01 -.405766E+01 -.277212E+01 -.142096E+01  .190322E+01  .145433E-02  .374638E-06 -.410037E+01
 .177869E-01 -.405766E+01 -.277212E+01 -.142096E+01  .190320E+01  .148397E-02  .390069E-06 -.410118E+01
 .181495E-01 -.405766E+01 -.277212E+01 -.142096E+01  .190317E+01  .151421E-02  .406132E-06 -.410201E+01
 .185194E-01 -.405766E+01 -.277212E+01 -.142096E+01  .190314E+01  .154506E-02  .422853E-06 -.410286E+01
 .188967E-01 -.405766E+01 -.277212E+01 -.142095E+01  .190311E+01  .157653E-02  .440260E-06 -.410372E+01
 .192817E-01 -.405765E+01 -.277212E+01 -.142095E+01  .190308E+01  .160864E-02  .458380E-06 -.410459E+01
 .196744E-01 -.405765E+01 -.277212E+01 -.142095E+01  .190305E+01  .164139E-02  .477242E-06 -.410548E+01
 .200751E-01 -.405765E+01 -.277212E+01 -.142095E+01  .190302E+01  .167481E-02  .496878E-06 -.410639E+01
 .204839E-01 -.405765E+01 -.277211E+01 -.142095E+01  .190299E+01  .170890E-02  .517318E-06 -.410731E+01
 .209009E-01 -.405765E+01 -.277211E+01 -.142095E+01  .190295E+01  .174368E-02  .538595E-06 -.410824E+01
 .213264E-01 -.405765E+01 -.277211E+01 -.142095E+01  .190291E+01  .177915E-02  .560744E-06 -.410919E+01
 .217604E-01 -.405764E+01 -.277211E+01 -.142095E+01  .190288E+01  .181535E-02  .583800E-06 -.411016E+01
 .222032E-01 -.405764E+01 -.277211E+01 -.142094E+01  .190284E+01  .185228E-02  .607801E-06 -.411114E+01
 .226550E-01 -.405764E+01 -.277211E+01 -.142094E+01  .190279E+01  .188995E-02  .632784E-06 -.411215E+01
 .231159E-01 -.405764E+01 -.277211E+01 -.142094E+01  .190275E+01  .192837E-02  .658791E-06 -.411316E+01
 .235861E-01 -.405764E+01 -.277210E+01 -.142094E+01  .190271E+01  .196758E-02  .685862E-06 -.411420E+01
 .240658E-01 -.405764E+01 -.277210E+01 -.142094E+01  .190266E+01  .200758E-02  .714042E-06 -.411525E+01
 .245552E-01 -.405763E+01 -.277210E+01 -.142094E+01  .190261E+01  .204838E-02  .743376E-06 -.411632E+01
 .250545E-01 -.405763E+01 -.277210E+01 -.142093E+01  .190256E+01  .209000E-02  .773910E-06 -.411740E+01
 .255638E-01 -.405763E+01 -.277210E+01 -.142093E+01  .190251E+01  .213247E-02  .805695E-06 -.411850E+01
 .260835E-01 -.405762E+01 -.277209E+01 -.142093E+01  .190245E+01  .217579E-02  .838781E-06 -.411962E+01
 .266137E-01 -.405762E+01 -.277209E+01 -.142093E+01  .190239E+01  .221998E-02  .873220E-06 -.412076E+01
 .271545E-01 -.405762E+01 -.277209E+01 -.142093E+01  .190234E+01  .226507E-02  .909070E-06 -.412192E+01
 .277063E-01 -.405762E+01 -.277209E+01 -.142092E+01  .190227E+01  .231106E-02  .946386E-06 -.412309E+01
 .282692E-01 -.405761E+01 -.277208E+01 -.142092E+01  .190221E+01  .235798E-02  .985229E-06 -.412429E+01
 .288436E-01 -.405761E+01 -.277208E+01 -.142092E+01  .190214E+01  .240585E-02  .102566E-05 -.412550E+01
 .294295E-01 -.405760E+01 -.277208E+01 -.142092E+01  .190207E+01  .245468E-02  .106775E-05 -.412673E+01
 .300272E-01 -.405760E+01 -.277207E+01 -.142091E+01  .190200E+01  .250450E-02  .111156E-05 -.412798E+01
 .306370E-01 -.405760E+01 -.277207E+01 -.142091E+01  .190192E+01  .255531E-02  .115716E-05 -.412925E+01
 .312592E-01 -.405759E+01 -.277207E+01 -.142091E+01  .190184E+01  .260716E-02  .120463E-05 -.413053E+01
 .318939E-01 -.405759E+01 -.277206E+01 -.142091E+01  .190176E+01  .266005E-02  .125404E-05 -.413184E+01
 .325414E-01 -.405758E+01 -.277206E+01 -.142090E+01  .190168E+01  .271400E-02  .130546E-05 -.413316E+01
 .332020E-01 -.405758E+01 -.277206E+01 -.142090E+01  .190159E+01  .276904E-02  .135900E-05 -.413451E+01
 .338760E-01 -.405757E+01 -.277205E+01 -.142090E+01  .190149E+01  .282518E-02  .141472E-05 -.413587E+01
 .345636E-01 -.405757E+01 -.277205E+01 -.142089E+01  .190140E+01  .288246E-02  .147272E-05 -.413725E+01
 .352650E-01 -.405756E+01 -.277204E+01 -.142089E+01  .190130E+01  .294089E-02  .153309E-05 -.413866E+01
 .359807E-01 -.405755E+01 -.277204E+01 -.142088E+01  .190119E+01  .300050E-02  .159593E-05 -.414008E+01
 .367108E-01 -.405755E+01 -.277203E+01 -.142088E+01  .190108E+01  .306131E-02  .166135E-05 -.414152E+01
 .374556E-01 -.405754E+01 -.277203E+01 -.142088E+01  .190097E+01  .312334E-02  .172943E-05 -.414298E+01
 .382155E-01 -.405753E+01 -.277202E+01 -.142087E+01  .190085E+01  .318662E-02  .180030E-05 -.414446E+01
 .389907E-01 -.405752E+01 -.277202E+01 -.142087E+01  .190073E+01  .325117E-02  .187407E-05 -.414597E+01
 .397816E-01 -.405751E+01 -.277201E+01 -.142086E+01  .190060E+01  .331702E-02  .195085E-05 -.414749E+01
 .405885E-01 -.405750E+01 -.277200E+01 -.142086E+01  .190047E+01  .338419E-02  .203077E-05 -.414903E+01
 .414117E-01 -.405749E+01 -.277200E+01 -.142085E+01  .190033E+01  .345272E-02  .211395E-05 -.415059E+01
 .422515E-01 -.405748E+01 -.277199E+01 -.142085E+01  .190019E+01  .352262E-02  .220054E-05 -.415217E+01
 .431082E-01 -.405747E+01 -.277198E+01 -.142084E+01  .190004E+01  .359392E-02  .229066E-05 -.415376E+01
 .439823E-01 -.405746E+01 -.277197E+01 -.142084E+01  .189988E+01  .366666E-02  .238447E-05 -.415538E+01
 .448740E-01 -.405745E+01 -.277197E+01 -.142083E+01  .189972E+01  .374087E-02  .248211E-05 -.415702E+01
 .457838E-01 -.405743E+01 -.277196E+01 -.142082E+01  .189955E+01  .381656E-02  .258374E-05 -.415867E+01
 .467119E-01 -.405742E+01 -.277195E+01 -.142082E+01  .189938E+01  .389377E-02  .268952E-05 -.416035E+01
 .476588E-01 -.405741E+01 -.277194E+01 -.142081E+01  .189919E+01  .397253E-02  .279963E-05 -.416204E+01
 .486248E-01 -.405739E+01 -.277193E+01 -.142080E+01  .189900E+01  .405287E-02  .291423E-05 -.416375E+01
 .496103E-01 -.405737E+01 -.277192E+01 -.142080E+01  .189881E+01  .413482E-02  .303352E-05 -.416548E+01
 .506157E-01 -.405735E+01 -.277191E+01 -.142079E+01  .189860E+01  .421842E-02  .315767E-05 -.416723E+01
 .516415E-01 -.405734E+01 -.277190E+01 -.142078E+01  .189838E+01  .430369E-02  .328690E-05 -.416899E+01
 .526879E-01 -.405731E+01 -.277188E+01 -.142077E+01  .189816E+01  .439068E-02  .342140E-05 -.417077E+01
 .537555E-01 -.405729E+01 -.277187E+01 -.142076E+01  .189793E+01  .447940E-02  .356140E-05 -.417257E+01
 .548447E-01 -.405727E+01 -.277185E+01 -.142075E+01  .189769E+01  .456991E-02  .370712E-05 -.417438E+01
 .559559E-01 -.405724E+01 -.277184E+01 -.142074E+01  .189743E+01  .466222E-02  .385879E-05 -.417621E+01
 .570895E-01 -.405722E+01 -.277182E+01 -.142074E+01  .189717E+01  .475639E-02  .401664E-05 -.417805E+01
 .582460E-01 -.405719E+01 -.277181E+01 -.142073E+01  .189690E+01  .485244E-02  .418095E-05 -.417991E+01
 .594259E-01 -.405716E+01 -.277179E+01 -.142071E+01  .189662E+01  .495041E-02  .435196E-05 -.418178E+01
 .606296E-01 -.405713E+01 -.277177E+01 -.142070E+01  .189632E+01  .505034E-02  .452995E-05 -.418366E+01
 .618576E-01 -.405709E+01 -.277175E+01 -.142069E+01  .189601E+01  .515226E-02  .471521E-05 -.418555E+01
 .631105E-01 -.405705E+01 -.277173E+01 -.142068E+01  .189569E+01  .525623E-02  .490803E-05 -.418746E+01
 .643886E-01 -.405701E+01 -.277171E+01 -.142067E+01  .189536E+01  .536227E-02  .510872E-05 -.418938E+01
 .656926E-01 -.405697E+01 -.277169E+01 -.142066E+01  .189501E+01  .547042E-02  .531760E-05 -.419130E+01
 .670229E-01 -.405692E+01 -.277166E+01 -.142064E+01  .189465E+01  .558073E-02  .553501E-05 -.419324E+01
 .683801E-01 -.405687E+01 -.277163E+01 -.142063E+01  .189428E+01  .569325E-02  .576129E-05 -.419518E+01
 .697647E-01 -.405682E+01 -.277161E+01 -.142061E+01  .189389E+01  .580800E-02  .599679E-05 -.419713E+01
 .711772E-01 -.405677E+01 -.277158E+01 -.142060E+01  .189348E+01  .592504E-02  .624191E-05 -.419908E+01
 .726183E-01 -.405671E+01 -.277155E+01 -.142058E+01  .189306E+01  .604441E-02  .649703E-05 -.420104E+01
 .740886E-01 -.405664E+01 -.277151E+01 -.142057E+01  .189262E+01  .616616E-02  .676255E-05 -.420300E+01
 .755885E-01 -.405657E+01 -.277148E+01 -.142055E+01  .189216E+01  .629033E-02  .703891E-05 -.420496E+01
 .771187E-01 -.405650E+01 -.277144E+01 -.142053E+01  .189168E+01  .641696E-02  .732653E-05 -.420692E+01
 .786798E-01 -.405642E+01 -.277140E+01 -.142051E+01  .189118E+01  .654611E-02  .762588E-05 -.420888E+01
 .802725E-01 -.405633E+01 -.277136E+01 -.142049E+01  .189067E+01  .667782E-02  .793744E-05 -.421083E+01
 .818974E-01 -.405624E+01 -.277131E+01 -.142047E+01  .189013E+01  .681214E-02  .826171E-05 -.421277E+01
 .835550E-01 -.405614E+01 -.277127E+01 -.142045E+01  .188957E+01  .694912E-02  .859919E-05 -.421471E+01
 .852462E-01 -.405604E+01 -.277122E+01 -.142043E+01  .188899E+01  .708881E-02  .895044E-05 -.421664E+01
 .869715E-01 -.405592E+01 -.277116E+01 -.142041E+01  .188838E+01  .723127E-02  .931599E-05 -.421856E+01
 .887317E-01 -.405580E+01 -.277110E+01 -.142039E+01  .188775E+01  .737654E-02  .969645E-05 -.422046E+01
 .905274E-01 -.405567E+01 -.277104E+01 -.142036E+01  .188710E+01  .752468E-02  .100924E-04 -.422234E+01
 .923594E-01 -.405553E+01 -.277098E+01 -.142033E+01  .188641E+01  .767574E-02  .105045E-04 -.422421E+01
 .942284E-01 -.405538E+01 -.277091E+01 -.142031E+01  .188570E+01  .782978E-02  .109334E-04 -.422605E+01
 .961352E-01 -.405522E+01 -.277083E+01 -.142028E+01  .188496E+01  .798684E-02  .113797E-04 -.422787E+01
 .980805E-01 -.405504E+01 -.277075E+01 -.142025E+01  .188419E+01  .814700E-02  .118443E-04 -.422965E+01
 .100065E+00 -.405485E+01 -.277067E+01 -.142022E+01  .188339E+01  .831031E-02  .123277E-04 -.423141E+01
 .102090E+00 -.405465E+01 -.277058E+01 -.142019E+01  .188256E+01  .847681E-02  .128309E-04 -.423313E+01
 .104155E+00 -.405443E+01 -.277048E+01 -.142016E+01  .188169E+01  .864658E-02  .133545E-04 -.423482E+01
 .106263E+00 -.405420E+01 -.277038E+01 -.142013E+01  .188079E+01  .881967E-02  .138994E-04 -.423646E+01
 .108412E+00 -.405395E+01 -.277026E+01 -.142009E+01  .187985E+01  .899614E-02  .144666E-04 -.423805E+01
 .110606E+00 -.405368E+01 -.277014E+01 -.142005E+01  .187888E+01  .917606E-02  .150568E-04 -.423959E+01
 .112843E+00 -.405338E+01 -.277002E+01 -.142002E+01  .187786E+01  .935948E-02  .156710E-04 -.424108E+01
 .115126E+00 -.405307E+01 -.276988E+01 -.141998E+01  .187680E+01  .954648E-02  .163102E-04 -.424252E+01
 .117455E+00 -.405273E+01 -.276974E+01 -.141993E+01  .187570E+01  .973710E-02  .169754E-04 -.424388E+01
 .119831E+00 -.405237E+01 -.276958E+01 -.141989E+01  .187456E+01  .993142E-02  .176677E-04 -.424518E+01
 .122255E+00 -.405197E+01 -.276942E+01 -.141985E+01  .187337E+01  .101295E-01  .183881E-04 -.424640E+01
 .124728E+00 -.405155E+01 -.276924E+01 -.141980E+01  .187213E+01  .103314E-01  .191378E-04 -.424755E+01
 .127251E+00 -.405110E+01 -.276905E+01 -.141975E+01  .187084E+01  .105372E-01  .199180E-04 -.424861E+01
 .129825E+00 -.405060E+01 -.276884E+01 -.141970E+01  .186950E+01  .107470E-01  .207298E-04 -.424958E+01
 .132451E+00 -.405008E+01 -.276862E+01 -.141965E+01  .186811E+01  .109608E-01  .215747E-04 -.425045E+01
 .135130E+00 -.404951E+01 -.276839E+01 -.141959E+01  .186666E+01  .111787E-01  .224539E-04 -.425122E+01
 .137863E+00 -.404889E+01 -.276814E+01 -.141954E+01  .186515E+01  .114007E-01  .233687E-04 -.425187E+01
 .140651E+00 -.404823E+01 -.276787E+01 -.141948E+01  .186358E+01  .116270E-01  .243208E-04 -.425241E+01
 .143496E+00 -.404752E+01 -.276758E+01 -.141942E+01  .186194E+01  .118577E-01  .253114E-04 -.425282E+01
 .146398E+00 -.404675E+01 -.276727E+01 -.141935E+01  .186024E+01  .120926E-01  .263423E-04 -.425310E+01
 .149358E+00 -.404593E+01 -.276693E+01 -.141928E+01  .185848E+01  .123321E-01  .274150E-04 -.425324E+01
 .152379E+00 -.404503E+01 -.276657E+01 -.141921E+01  .185664E+01  .125761E-01  .285312E-04 -.425323E+01
 .155460E+00 -.404407E+01 -.276619E+01 -.141914E+01  .185473E+01  .128246E-01  .296927E-04 -.425306E+01
 .158604E+00 -.404304E+01 -.276578E+01 -.141906E+01  .185274E+01  .130778E-01  .309012E-04 -.425272E+01
 .161811E+00 -.404192E+01 -.276533E+01 -.141898E+01  .185067E+01  .133358E-01  .321587E-04 -.425221E+01
 .165083E+00 -.404072E+01 -.276486E+01 -.141890E+01  .184852E+01  .135986E-01  .334671E-04 -.425150E+01
 .168421E+00 -.403943E+01 -.276435E+01 -.141882E+01  .184629E+01  .138662E-01  .348286E-04 -.425060E+01
 .171827E+00 -.403803E+01 -.276380E+01 -.141873E+01  .184396E+01  .141389E-01  .362451E-04 -.424949E+01
 .175301E+00 -.403653E+01 -.276321E+01 -.141863E+01  .184154E+01  .144165E-01  .377190E-04 -.424816E+01
 .178846E+00 -.403491E+01 -.276258E+01 -.141854E+01  .183903E+01  .146993E-01  .392525E-04 -.424660E+01
 .182462E+00 -.403317E+01 -.276189E+01 -.141843E+01  .183642E+01  .149872E-01  .408479E-04 -.424480E+01
 .186151E+00 -.403129E+01 -.276116E+01 -.141833E+01  .183370E+01  .152804E-01  .425079E-04 -.424273E+01
 .189915E+00 -.402926E+01 -.276038E+01 -.141822E+01  .183087E+01  .155789E-01  .442350E-04 -.424040E+01
 .193755E+00 -.402709E+01 -.275954E+01 -.141810E+01  .182794E+01  .158828E-01  .460317E-04 -.423779E+01
 .197672E+00 -.402471E+01 -.275860E+01 -.141795E+01  .182488E+01  .161921E-01  .479010E-04 -.423487E+01
 .201669E+00 -.402218E+01 -.275762E+01 -.141783E+01  .182171E+01  .165070E-01  .498457E-04 -.423165E+01
 .205746E+00 -.401945E+01 -.275657E+01 -.141769E+01  .181841E+01  .168275E-01  .518689E-04 -.422810E+01
 .209905E+00 -.401652E+01 -.275545E+01 -.141755E+01  .181498E+01  .171536E-01  .539736E-04 -.422420E+01
 .214149E+00 -.401337E+01 -.275423E+01 -.141741E+01  .181142E+01  .174855E-01  .561631E-04 -.421995E+01
 .218478E+00 -.400997E+01 -.275293E+01 -.141726E+01  .180772E+01  .178232E-01  .584407E-04 -.421532E+01
 .222895E+00 -.400631E+01 -.275153E+01 -.141710E+01  .180387E+01  .181667E-01  .608099E-04 -.421030E+01
 .227401E+00 -.400238E+01 -.275003E+01 -.141693E+01  .179987E+01  .185162E-01  .632744E-04 -.420486E+01
 .231998E+00 -.399815E+01 -.274842E+01 -.141676E+01  .179572E+01  .188716E-01  .658380E-04 -.419900E+01
 .236688E+00 -.399360E+01 -.274668E+01 -.141658E+01  .179141E+01  .192331E-01  .685045E-04 -.419268E+01
 .241473E+00 -.398871E+01 -.274482E+01 -.141639E+01  .178693E+01  .196006E-01  .712780E-04 -.418590E+01
 .246354E+00 -.398345E+01 -.274281E+01 -.141619E+01  .178228E+01  .199743E-01  .741628E-04 -.417864E+01
 .251334E+00 -.397780E+01 -.274067E+01 -.141599E+01  .177744E+01  .203542E-01  .771632E-04 -.417086E+01
 .256414E+00 -.397173E+01 -.273836E+01 -.141577E+01  .177243E+01  .207403E-01  .802837E-04 -.416255E+01
 .261597E+00 -.396521E+01 -.273588E+01 -.141555E+01  .176722E+01  .211326E-01  .835290E-04 -.415369E+01
 .266885E+00 -.395820E+01 -.273322E+01 -.141531E+01  .176182E+01  .215313E-01  .869041E-04 -.414426E+01
 .272280E+00 -.395068E+01 -.273036E+01 -.141506E+01  .175621E+01  .219364E-01  .904140E-04 -.413422E+01
 .277784E+00 -.394261E+01 -.272730E+01 -.141480E+01  .175038E+01  .223477E-01  .940640E-04 -.412357E+01
 .283398E+00 -.393396E+01 -.272401E+01 -.141453E+01  .174434E+01  .227655E-01  .978594E-04 -.411228E+01
 .289127E+00 -.392467E+01 -.272049E+01 -.141425E+01  .173808E+01  .231897E-01  .101806E-03 -.410031E+01
 .294971E+00 -.391472E+01 -.271670E+01 -.141395E+01  .173158E+01  .236203E-01  .105910E-03 -.408765E+01
 .300933E+00 -.390405E+01 -.271265E+01 -.141363E+01  .172484E+01  .240574E-01  .110177E-03 -.407428E+01
 .307015E+00 -.389263E+01 -.270830E+01 -.141331E+01  .171785E+01  .245008E-01  .114613E-03 -.406015E+01
 .313221E+00 -.388039E+01 -.270364E+01 -.141296E+01  .171061E+01  .249507E-01  .119225E-03 -.404526E+01
 .319551E+00 -.386730E+01 -.269865E+01 -.141260E+01  .170310E+01  .254070E-01  .124019E-03 -.402957E+01
 .326010E+00 -.385329E+01 -.269331E+01 -.141221E+01  .169532E+01  .258696E-01  .129004E-03 -.401306E+01
 .332599E+00 -.383832E+01 -.268758E+01 -.141181E+01  .168727E+01  .263386E-01  .134185E-03 -.399570E+01
 .339321E+00 -.382231E+01 -.268146E+01 -.141139E+01  .167892E+01  .268139E-01  .139571E-03 -.397746E+01
 .346179E+00 -.380522E+01 -.267491E+01 -.141095E+01  .167028E+01  .272955E-01  .145168E-03 -.395832E+01
 .353176E+00 -.378698E+01 -.266791E+01 -.141048E+01  .166135E+01  .277833E-01  .150986E-03 -.393825E+01
 .360314E+00 -.376752E+01 -.266042E+01 -.140998E+01  .165210E+01  .282772E-01  .157033E-03 -.391723E+01
 .367596E+00 -.374677E+01 -.265242E+01 -.140946E+01  .164253E+01  .287772E-01  .163316E-03 -.389522E+01
 .375025E+00 -.372467E+01 -.264388E+01 -.140891E+01  .163264E+01  .292832E-01  .169846E-03 -.387220E+01
 .382604E+00 -.370114E+01 -.263476E+01 -.140832E+01  .162241E+01  .297950E-01  .176631E-03 -.384815E+01
 .390336E+00 -.367612E+01 -.262504E+01 -.140771E+01  .161185E+01  .303126E-01  .183680E-03 -.382303E+01
 .398225E+00 -.364953E+01 -.261468E+01 -.140705E+01  .160094E+01  .308358E-01  .191003E-03 -.379684E+01
 .406273E+00 -.362128E+01 -.260363E+01 -.140636E+01  .158967E+01  .313645E-01  .198611E-03 -.376953E+01
 .414483E+00 -.359132E+01 -.259187E+01 -.140563E+01  .157805E+01  .318985E-01  .206515E-03 -.374109E+01
 .422860E+00 -.355956E+01 -.257936E+01 -.140485E+01  .156607E+01  .324378E-01  .214724E-03 -.371150E+01
 .431405E+00 -.352592E+01 -.256606E+01 -.140402E+01  .155371E+01  .329821E-01  .223249E-03 -.368074E+01
 .440123E+00 -.349034E+01 -.255193E+01 -.140315E+01  .154098E+01  .335312E-01  .232103E-03 -.364879E+01
 .449018E+00 -.345275E+01 -.253693E+01 -.140221E+01  .152786E+01  .340849E-01  .241297E-03 -.361563E+01
 .458092E+00 -.341307E+01 -.252102E+01 -.140122E+01  .151437E+01  .346431E-01  .250843E-03 -.358124E+01
 .467349E+00 -.337123E+01 -.250415E+01 -.140016E+01  .150049E+01  .352054E-01  .260754E-03 -.354562E+01
 .476793E+00 -.332720E+01 -.248630E+01 -.139903E+01  .148622E+01  .357717E-01  .271043E-03 -.350874E+01
 .486428E+00 -.328090E+01 -.246742E+01 -.139782E+01  .147157E+01  .363416E-01  .281723E-03 -.347061E+01
 .496258E+00 -.323229E+01 -.244748E+01 -.139654E+01  .145652E+01  .369150E-01  .292807E-03 -.343122E+01
 .506286E+00 -.318134E+01 -.242642E+01 -.139516E+01  .144109E+01  .374916E-01  .304310E-03 -.339056E+01
 .516517E+00 -.312801E+01 -.240423E+01 -.139370E+01  .142527E+01  .380710E-01  .316246E-03 -.334864E+01
 .526955E+00 -.307230E+01 -.238087E+01 -.139213E+01  .140907E+01  .386530E-01  .328629E-03 -.330545E+01
 .537603E+00 -.301420E+01 -.235630E+01 -.139045E+01  .139250E+01  .392373E-01  .341475E-03 -.326102E+01
 .548467E+00 -.295371E+01 -.233051E+01 -.138865E+01  .137555E+01  .398235E-01  .354800E-03 -.321534E+01
 .559550E+00 -.289088E+01 -.230347E+01 -.138673E+01  .135824E+01  .404113E-01  .368619E-03 -.316843E+01
 .570857E+00 -.282576E+01 -.227517E+01 -.138466E+01  .134057E+01  .410004E-01  .382948E-03 -.312032E+01
 .582392E+00 -.275840E+01 -.224559E+01 -.138245E+01  .132256E+01  .415905E-01  .397805E-03 -.307103E+01
 .594160E+00 -.268891E+01 -.221472E+01 -.138008E+01  .130421E+01  .421813E-01  .413206E-03 -.302059E+01
 .606166E+00 -.261740E+01 -.218259E+01 -.137754E+01  .128555E+01  .427724E-01  .429168E-03 -.296903E+01
 .618415E+00 -.254401E+01 -.214919E+01 -.137481E+01  .126659E+01  .433634E-01  .445710E-03 -.291640E+01
 .630911E+00 -.246893E+01 -.211455E+01 -.137189E+01  .124733E+01  .439541E-01  .462849E-03 -.286274E+01
 .643660E+00 -.239235E+01 -.207871E+01 -.136876E+01  .122781E+01  .445442E-01  .480604E-03 -.280811E+01
 .656666E+00 -.231451E+01 -.204171E+01 -.136539E+01  .120805E+01  .451334E-01  .498994E-03 -.275256E+01
 .669934E+00 -.223567E+01 -.200360E+01 -.136179E+01  .118805E+01  .457213E-01  .518037E-03 -.269616E+01
 .683471E+00 -.215614E+01 -.196447E+01 -.135792E+01  .116786E+01  .463077E-01  .537753E-03 -.263898E+01
 .697281E+00 -.207625E+01 -.192440E+01 -.135377E+01  .114749E+01  .468923E-01  .558162E-03 -.258110E+01
 .711371E+00 -.199637E+01 -.188349E+01 -.134933E+01  .112696E+01  .474750E-01  .579284E-03 -.252259E+01
 .725745E+00 -.191691E+01 -.184186E+01 -.134458E+01  .110631E+01  .480555E-01  .601138E-03 -.246355E+01
 .740409E+00 -.183828E+01 -.179964E+01 -.133949E+01  .108556E+01  .486337E-01  .623746E-03 -.240407E+01
 .755369E+00 -.176096E+01 -.175699E+01 -.133404E+01  .106473E+01  .492093E-01  .647128E-03 -.234425E+01
 .770632E+00 -.168543E+01 -.171408E+01 -.132822E+01  .104387E+01  .497822E-01  .671305E-03 -.228420E+01
 .786203E+00 -.161219E+01 -.167109E+01 -.132200E+01  .102299E+01  .503524E-01  .696297E-03 -.222403E+01
 .802089E+00 -.154175E+01 -.162823E+01 -.131537E+01  .100213E+01  .509198E-01  .722127E-03 -.216385E+01
 .818295E+00 -.147464E+01 -.158569E+01 -.130829E+01  .981307E+00  .514842E-01  .748815E-03 -.210378E+01
 .834829E+00 -.141137E+01 -.154371E+01 -.130076E+01  .960553E+00  .520458E-01  .776383E-03 -.204394E+01
 .851697E+00 -.135244E+01 -.150252E+01 -.129275E+01  .939894E+00  .526045E-01  .804852E-03 -.198447E+01
 .868905E+00 -.129831E+01 -.146235E+01 -.128423E+01  .919351E+00  .531602E-01  .834245E-03 -.192548E+01
 .886462E+00 -.124940E+01 -.142343E+01 -.127520E+01  .898948E+00  .537130E-01  .864582E-03 -.186710E+01
 .904373E+00 -.120606E+01 -.138599E+01 -.126563E+01  .878702E+00  .542630E-01  .895887E-03 -.180947E+01
 .922646E+00 -.116855E+01 -.135021E+01 -.125550E+01  .858632E+00  .548100E-01  .928180E-03 -.175270E+01
 .941288E+00 -.113702E+01 -.131630E+01 -.124481E+01  .838750E+00  .553541E-01  .961484E-03 -.169692E+01
 .960306E+00 -.111148E+01 -.128439E+01 -.123354E+01  .819067E+00  .558952E-01  .995821E-03 -.164226E+01
 .979709E+00 -.109178E+01 -.125458E+01 -.122167E+01  .799591E+00  .564332E-01  .103121E-02 -.158882E+01
 .999503E+00 -.107759E+01 -.122691E+01 -.120920E+01  .780325E+00  .569680E-01  .106768E-02 -.153672E+01
 .101970E+01 -.106834E+01 -.120136E+01 -.119613E+01  .761270E+00  .574993E-01  .110525E-02 -.148606E+01
 .104030E+01 -.106327E+01 -.117781E+01 -.118245E+01  .742425E+00  .580268E-01  .114394E-02 -.143693E+01
 .106132E+01 -.106136E+01 -.115608E+01 -.116816E+01  .723785E+00  .585501E-01  .118377E-02 -.138942E+01
 .108276E+01 -.106137E+01 -.113589E+01 -.115328E+01  .705344E+00  .590689E-01  .122478E-02 -.134360E+01
 .110464E+01 -.106189E+01 -.111686E+01 -.113781E+01  .687094E+00  .595825E-01  .126697E-02 -.129952E+01
 .112696E+01 -.106137E+01 -.109855E+01 -.112177E+01  .669027E+00  .600905E-01  .131038E-02 -.125725E+01
 .114973E+01 -.105828E+01 -.108049E+01 -.110516E+01  .651137E+00  .605921E-01  .135503E-02 -.121680E+01
 .117296E+01 -.105129E+01 -.106240E+01 -.108803E+01  .633418E+00  .610868E-01  .140094E-02 -.117820E+01
 .119665E+01 -.103956E+01 -.104353E+01 -.107039E+01  .615869E+00  .615740E-01  .144814E-02 -.114146E+01
 .122083E+01 -.102324E+01 -.102375E+01 -.105227E+01  .598490E+00  .620530E-01  .149666E-02 -.110656E+01
 .124550E+01 -.100361E+01 -.100361E+01 -.103370E+01  .581286E+00  .625235E-01  .154652E-02 -.107347E+01
 .127066E+01 -.983740E+00 -.983740E+00 -.101474E+01  .564265E+00  .629849E-01  .159775E-02 -.104216E+01
 .129633E+01 -.964258E+00 -.964258E+00 -.995425E+00  .547434E+00  .634370E-01  .165038E-02 -.101257E+01
 .132252E+01 -.945162E+00 -.945162E+00 -.975809E+00  .530799E+00  .638791E-01  .170445E-02 -.984632E+00
 .134924E+01 -.926445E+00 -.926445E+00 -.955953E+00  .514369E+00  .643111E-01  .175998E-02 -.958271E+00
 .137650E+01 -.908098E+00 -.908098E+00 -.935924E+00  .498151E+00  .647324E-01  .181702E-02 -.933397E+00
 .140431E+01 -.890114E+00 -.890114E+00 -.915793E+00  .482151E+00  .651426E-01  .187559E-02 -.909915E+00
 .143269E+01 -.872487E+00 -.872487E+00 -.895639E+00  .466377E+00  .655413E-01  .193574E-02 -.887724E+00
 .146163E+01 -.855208E+00 -.855208E+00 -.875545E+00  .450834E+00  .659281E-01  .199750E-02 -.866717E+00
 .149116E+01 -.838272E+00 -.838272E+00 -.855598E+00  .435530E+00  .663026E-01  .206092E-02 -.846787E+00
 .152129E+01 -.821672E+00 -.821672E+00 -.835887E+00  .420470E+00  .666644E-01  .212604E-02 -.827829E+00
 .155202E+01 -.805400E+00 -.805400E+00 -.816503E+00  .405661E+00  .670130E-01  .219292E-02 -.809742E+00
 .158338E+01 -.789450E+00 -.789450E+00 -.797535E+00  .391107E+00  .673481E-01  .226158E-02 -.792425E+00
 .161537E+01 -.773816E+00 -.773816E+00 -.779069E+00  .376815E+00  .676694E-01  .233210E-02 -.775791E+00
 .164801E+01 -.758492E+00 -.758492E+00 -.761182E+00  .362790E+00  .679764E-01  .240450E-02 -.759756E+00
 .168130E+01 -.743472E+00 -.743472E+00 -.743944E+00  .349036E+00  .682687E-01  .247885E-02 -.744247E+00
 .171527E+01 -.728749E+00 -.728749E+00 -.727409E+00  .335558E+00  .685460E-01  .255520E-02 -.729202E+00
 .174992E+01 -.714317E+00 -.714317E+00 -.711615E+00  .322360E+00  .688079E-01  .263360E-02 -.714567E+00
 .178528E+01 -.700171E+00 -.700171E+00 -.696576E+00  .309446E+00  .690542E-01  .271409E-02 -.700300E+00
 .182134E+01 -.686306E+00 -.686306E+00 -.682282E+00  .296820E+00  .692844E-01  .279672E-02 -.686367E+00
 .185814E+01 -.672715E+00 -.672715E+00 -.668694E+00  .284485E+00  .694983E-01  .288154E-02 -.672741E+00
 .189568E+01 -.659393E+00 -.659393E+00 -.655743E+00  .272444E+00  .696955E-01  .296859E-02 -.659403E+00
 .193398E+01 -.646335E+00 -.646335E+00 -.643329E+00  .260699E+00  .698759E-01  .305791E-02 -.646338E+00
 .197305E+01 -.633536E+00 -.633536E+00 -.631535E+00  .249253E+00  .700391E-01  .314954E-02 -.633537E+00
 .201292E+01 -.620990E+00 -.620990E+00 -.619957E+00  .238108E+00  .701849E-01  .324352E-02 -.620990E+00
 .205358E+01 -.608693E+00 -.608693E+00 -.608272E+00  .227264E+00  .703131E-01  .333987E-02 -.608692E+00
 .209507E+01 -.596639E+00 -.596639E+00 -.596529E+00  .216724E+00  .704235E-01  .343864E-02 -.596639E+00
 .213740E+01 -.584824E+00 -.584824E+00 -.584815E+00  .206488E+00  .705159E-01  .353988E-02 -.584824E+00
 .218058E+01 -.573243E+00 -.573243E+00 -.573243E+00  .196556E+00  .705902E-01  .364361E-02 -.573243E+00
 .222463E+01 -.561891E+00 -.561891E+00 -.561891E+00  .186928E+00  .706462E-01  .374990E-02 -.561891E+00
 .226958E+01 -.550764E+00 -.550764E+00 -.550764E+00  .177604E+00  .706838E-01  .385879E-02 -.550764E+00
 .231543E+01 -.539857E+00 -.539857E+00 -.539857E+00  .168582E+00  .707031E-01  .397032E-02 -.539857E+00
 .236220E+01 -.529167E+00 -.529167E+00 -.529167E+00  .159863E+00  .707038E-01  .408455E-02 -.529167E+00
 .240993E+01 -.518688E+00 -.518688E+00 -.518688E+00  .151443E+00  .706861E-01  .420152E-02 -.518688E+00
 .245861E+01 -.508416E+00 -.508416E+00 -.508416E+00  .143322E+00  .706499E-01  .432130E-02 -.508416E+00
 .250829E+01 -.498348E+00 -.498348E+00 -.498348E+00  .135496E+00  .705953E-01  .444391E-02 -.498348E+00
 .255896E+01 -.488480E+00 -.488480E+00 -.488480E+00  .127963E+00  .705223E-01  .456944E-02 -.488480E+00
 .261066E+01 -.478807E+00 -.478807E+00 -.478807E+00  .120720E+00  .704310E-01  .469792E-02 -.478807E+00
 .266340E+01 -.469325E+00 -.469325E+00 -.469325E+00  .113763E+00  .703216E-01  .482941E-02 -.469325E+00
 .271721E+01 -.460031E+00 -.460031E+00 -.460031E+00  .107090E+00  .701942E-01  .496396E-02 -.460031E+00
 .277210E+01 -.450921E+00 -.450921E+00 -.450921E+00  .100694E+00  .700490E-01  .510165E-02 -.450921E+00
 .282810E+01 -.441992E+00 -.441992E+00 -.441992E+00  .945725E-01  .698862E-01  .524251E-02 -.441992E+00
 .288524E+01 -.433240E+00 -.433240E+00 -.433240E+00  .887202E-01  .697060E-01  .538661E-02 -.433240E+00
 .294353E+01 -.424660E+00 -.424660E+00 -.424660E+00  .831321E-01  .695086E-01  .553402E-02 -.424660E+00
 .300299E+01 -.416251E+00 -.416251E+00 -.416251E+00  .778027E-01  .692944E-01  .568478E-02 -.416251E+00
 .306366E+01 -.408008E+00 -.408008E+00 -.408008E+00  .727264E-01  .690636E-01  .583897E-02 -.408008E+00
 .312556E+01 -.399929E+00 -.399929E+00 -.399929E+00  .678973E-01  .688164E-01  .599663E-02 -.399929E+00
 .318870E+01 -.392009E+00 -.392009E+00 -.392009E+00  .633094E-01  .685532E-01  .615782E-02 -.392009E+00
 .325312E+01 -.384247E+00 -.384247E+00 -.384247E+00  .589562E-01  .682742E-01  .632261E-02 -.384247E+00
 .331884E+01 -.376638E+00 -.376638E+00 -.376638E+00  .548313E-01  .679798E-01  .649104E-02 -.376638E+00
 .338589E+01 -.369179E+00 -.369179E+00 -.369179E+00  .509279E-01  .676703E-01  .666318E-02 -.369179E+00
 .345429E+01 -.361869E+00 -.361869E+00 -.361869E+00  .472393E-01  .673458E-01  .683906E-02 -.361869E+00
 .352407E+01 -.354703E+00 -.354703E+00 -.354703E+00  .437584E-01  .670068E-01  .701874E-02 -.354703E+00
 .359527E+01 -.347679E+00 -.347679E+00 -.347679E+00  .404782E-01  .666533E-01  .720226E-02 -.347679E+00
 .366790E+01 -.340794E+00 -.340794E+00 -.340794E+00  .373914E-01  .662856E-01  .738963E-02 -.340794E+00
 .374200E+01 -.334046E+00 -.334046E+00 -.334046E+00  .344910E-01  .659039E-01  .758091E-02 -.334046E+00
 .381760E+01 -.327431E+00 -.327431E+00 -.327431E+00  .317696E-01  .655084E-01  .777609E-02 -.327431E+00
 .389472E+01 -.320947E+00 -.320947E+00 -.320947E+00  .292199E-01  .650991E-01  .797520E-02 -.320947E+00
 .397340E+01 -.314592E+00 -.314592E+00 -.314592E+00  .268348E-01  .646761E-01  .817822E-02 -.314592E+00
 .405368E+01 -.308362E+00 -.308362E+00 -.308362E+00  .246070E-01  .642395E-01  .838515E-02 -.308362E+00
 .413557E+01 -.302256E+00 -.302256E+00 -.302256E+00  .225293E-01  .637891E-01  .859595E-02 -.302256E+00
 .421912E+01 -.296271E+00 -.296271E+00 -.296271E+00  .205947E-01  .633251E-01  .881059E-02 -.296271E+00
 .430435E+01 -.290404E+00 -.290404E+00 -.290404E+00  .187961E-01  .628472E-01  .902900E-02 -.290404E+00
 .439131E+01 -.284653E+00 -.284653E+00 -.284653E+00  .171267E-01  .623554E-01  .925111E-02 -.284653E+00
 .448002E+01 -.279017E+00 -.279017E+00 -.279017E+00  .155798E-01  .618494E-01  .947684E-02 -.279017E+00
 .457053E+01 -.273491E+00 -.273491E+00 -.273491E+00  .141487E-01  .613291E-01  .970607E-02 -.273491E+00
 .466286E+01 -.268076E+00 -.268076E+00 -.268076E+00  .128270E-01  .607942E-01  .993867E-02 -.268076E+00
 .475706E+01 -.262767E+00 -.262767E+00 -.262767E+00  .116084E-01  .602445E-01  .101745E-01 -.262767E+00
 .485316E+01 -.257564E+00 -.257564E+00 -.257564E+00  .104869E-01  .596798E-01  .104134E-01 -.257564E+00
 .495120E+01 -.252464E+00 -.252464E+00 -.252464E+00  .945651E-02  .590997E-01  .106552E-01 -.252464E+00
 .505123E+01 -.247465E+00 -.247465E+00 -.247465E+00  .851156E-02  .585039E-01  .108996E-01 -.247465E+00
 .515327E+01 -.242564E+00 -.242564E+00 -.242564E+00  .764657E-02  .578923E-01  .111464E-01 -.242564E+00
 .525738E+01 -.237761E+00 -.237761E+00 -.237761E+00  .685625E-02  .572645E-01  .113954E-01 -.237761E+00
 .536359E+01 -.233053E+00 -.233053E+00 -.233053E+00  .613554E-02  .566203E-01  .116464E-01 -.233053E+00
 .547194E+01 -.228438E+00 -.228438E+00 -.228438E+00  .547958E-02  .559593E-01  .118989E-01 -.228438E+00
 .558249E+01 -.223914E+00 -.223914E+00 -.223914E+00  .488373E-02  .552815E-01  .121527E-01 -.223914E+00
 .569527E+01 -.219481E+00 -.219481E+00 -.219481E+00  .434360E-02  .545866E-01  .124074E-01 -.219481E+00
 .581032E+01 -.215134E+00 -.215134E+00 -.215134E+00  .385498E-02  .538745E-01  .126627E-01 -.215134E+00
 .592770E+01 -.210874E+00 -.210874E+00 -.210874E+00  .341388E-02  .531450E-01  .129181E-01 -.210874E+00
 .604745E+01 -.206699E+00 -.206699E+00 -.206699E+00  .301655E-02  .523980E-01  .131733E-01 -.206699E+00
 .616962E+01 -.202606E+00 -.202606E+00 -.202606E+00  .265943E-02  .516336E-01  .134279E-01 -.202606E+00
 .629426E+01 -.198594E+00 -.198594E+00 -.198594E+00  .233916E-02  .508518E-01  .136813E-01 -.198594E+00
 .642141E+01 -.194661E+00 -.194661E+00 -.194661E+00  .205262E-02  .500525E-01  .139331E-01 -.194661E+00
 .655114E+01 -.190806E+00 -.190806E+00 -.190806E+00  .179683E-02  .492361E-01  .141827E-01 -.190806E+00
 .668348E+01 -.187028E+00 -.187028E+00 -.187028E+00  .156905E-02  .484025E-01  .144298E-01 -.187028E+00
 .681850E+01 -.183325E+00 -.183325E+00 -.183325E+00  .136671E-02  .475522E-01  .146736E-01 -.183325E+00
 .695625E+01 -.179695E+00 -.179695E+00 -.179695E+00  .118741E-02  .466855E-01  .149138E-01 -.179695E+00
 .709678E+01 -.176136E+00 -.176136E+00 -.176136E+00  .102893E-02  .458026E-01  .151496E-01 -.176136E+00
 .724014E+01 -.172649E+00 -.172649E+00 -.172649E+00  .889221E-03  .449041E-01  .153805E-01 -.172649E+00
 .738641E+01 -.169230E+00 -.169230E+00 -.169230E+00  .766387E-03  .439905E-01  .156060E-01 -.169230E+00
 .753563E+01 -.165879E+00 -.165879E+00 -.165879E+00  .658680E-03  .430624E-01  .158253E-01 -.165879E+00
 .768786E+01 -.162594E+00 -.162594E+00 -.162594E+00  .564501E-03  .421205E-01  .160379E-01 -.162594E+00
 .784317E+01 -.159374E+00 -.159374E+00 -.159374E+00  .482383E-03  .411655E-01  .162431E-01 -.159374E+00
 .800161E+01 -.156219E+00 -.156219E+00 -.156219E+00  .410988E-03  .401982E-01  .164403E-01 -.156219E+00
 .816326E+01 -.153125E+00 -.153125E+00 -.153125E+00  .349101E-03  .392196E-01  .166288E-01 -.153125E+00
 .832817E+01 -.150093E+00 -.150093E+00 -.150093E+00  .295616E-03  .382305E-01  .168080E-01 -.150093E+00
 .849642E+01 -.147121E+00 -.147121E+00 -.147121E+00  .249536E-03  .372320E-01  .169773E-01 -.147121E+00
 .866806E+01 -.144208E+00 -.144208E+00 -.144208E+00  .209959E-03  .362252E-01  .171360E-01 -.144208E+00
 .884317E+01 -.141352E+00 -.141352E+00 -.141352E+00  .176079E-03  .352112E-01  .172834E-01 -.141352E+00
 .902182E+01 -.138553E+00 -.138553E+00 -.138553E+00  .147170E-03  .341913E-01  .174191E-01 -.138553E+00
 .920407E+01 -.135809E+00 -.135809E+00 -.135809E+00  .122585E-03  .331667E-01  .175423E-01 -.135809E+00
 .939001E+01 -.133120E+00 -.133120E+00 -.133120E+00  .101750E-03  .321388E-01  .176525E-01 -.133120E+00
 .957970E+01 -.130484E+00 -.130484E+00 -.130484E+00  .841540E-04  .311089E-01  .177492E-01 -.130484E+00
 .977323E+01 -.127900E+00 -.127900E+00 -.127900E+00  .693470E-04  .300784E-01  .178318E-01 -.127900E+00
 .997066E+01 -.125368E+00 -.125368E+00 -.125368E+00  .569324E-04  .290488E-01  .178998E-01 -.125368E+00
 .101721E+02 -.122885E+00 -.122885E+00 -.122885E+00  .465625E-04  .280216E-01  .179528E-01 -.122885E+00
 .103776E+02 -.120452E+00 -.120452E+00 -.120452E+00  .379336E-04  .269983E-01  .179903E-01 -.120452E+00
 .105872E+02 -.118067E+00 -.118067E+00 -.118067E+00  .307812E-04  .259803E-01  .180120E-01 -.118067E+00
 .108011E+02 -.115729E+00 -.115729E+00 -.115729E+00  .248764E-04  .249693E-01  .180175E-01 -.115729E+00
 .110193E+02 -.113437E+00 -.113437E+00 -.113437E+00  .200213E-04  .239668E-01  .180065E-01 -.113437E+00
 .112419E+02 -.111191E+00 -.111191E+00 -.111191E+00  .160458E-04  .229742E-01  .179789E-01 -.111191E+00
 .114690E+02 -.108989E+00 -.108989E+00 -.108989E+00  .128043E-04  .219932E-01  .179344E-01 -.108989E+00
 .117007E+02 -.106831E+00 -.106831E+00 -.106831E+00  .101728E-04  .210251E-01  .178729E-01 -.106831E+00
 .119371E+02 -.104716E+00 -.104716E+00 -.104716E+00  .804592E-05  .200715E-01  .177943E-01 -.104716E+00
 .121782E+02 -.102642E+00 -.102642E+00 -.102642E+00  .633458E-05  .191337E-01  .176987E-01 -.102642E+00
 .124243E+02 -.100610E+00 -.100610E+00 -.100610E+00  .496396E-05  .182131E-01  .175862E-01 -.100610E+00
 .126752E+02 -.986174E-01 -.986174E-01 -.986174E-01  .387136E-05  .173111E-01  .174568E-01 -.986174E-01
 .129313E+02 -.966647E-01 -.966647E-01 -.966647E-01  .300458E-05  .164287E-01  .173108E-01 -.966647E-01
 .131925E+02 -.947506E-01 -.947506E-01 -.947506E-01  .232030E-05  .155674E-01  .171484E-01 -.947506E-01
 .134590E+02 -.928743E-01 -.928743E-01 -.928743E-01  .178280E-05  .147280E-01  .169700E-01 -.928743E-01
 .137309E+02 -.910353E-01 -.910353E-01 -.910353E-01  .136273E-05  .139117E-01  .167759E-01 -.910353E-01
 .140083E+02 -.892326E-01 -.892326E-01 -.892326E-01  .103616E-05  .131192E-01  .165666E-01 -.892326E-01
 .142913E+02 -.874657E-01 -.874657E-01 -.874657E-01  .783614E-06  .123515E-01  .163425E-01 -.874657E-01
 .145800E+02 -.857337E-01 -.857337E-01 -.857337E-01  .589374E-06  .116093E-01  .161043E-01 -.857337E-01
 .148746E+02 -.840361E-01 -.840361E-01 -.840361E-01  .440804E-06  .108930E-01  .158525E-01 -.840361E-01
 .151751E+02 -.823720E-01 -.823720E-01 -.823720E-01  .327805E-06  .102033E-01  .155878E-01 -.823720E-01
 .154816E+02 -.807410E-01 -.807410E-01 -.807410E-01  .242356E-06  .954048E-02  .153108E-01 -.807410E-01
 .157944E+02 -.791422E-01 -.791422E-01 -.791422E-01  .178118E-06  .890485E-02  .150224E-01 -.791422E-01
 .161134E+02 -.775750E-01 -.775750E-01 -.775750E-01  .130115E-06  .829657E-02  .147232E-01 -.775750E-01
 .164389E+02 -.760389E-01 -.760389E-01 -.760389E-01  .944629E-07  .771569E-02  .144141E-01 -.760389E-01
 .167710E+02 -.745332E-01 -.745332E-01 -.745332E-01  .681481E-07  .716216E-02  .140958E-01 -.745332E-01
 .171098E+02 -.730574E-01 -.730574E-01 -.730574E-01  .488486E-07  .663584E-02  .137692E-01 -.730574E-01
 .174555E+02 -.716107E-01 -.716107E-01 -.716107E-01  .347858E-07  .613646E-02  .134351E-01 -.716107E-01
 .178081E+02 -.701927E-01 -.701927E-01 -.701927E-01  .246062E-07  .566370E-02  .130943E-01 -.701927E-01
 .181679E+02 -.688028E-01 -.688028E-01 -.688028E-01  .172873E-07  .521711E-02  .127477E-01 -.688028E-01
 .185349E+02 -.674404E-01 -.674404E-01 -.674404E-01  .120611E-07  .479617E-02  .123961E-01 -.674404E-01
 .189093E+02 -.661050E-01 -.661050E-01 -.661050E-01  .835536E-08  .440032E-02  .120403E-01 -.661050E-01
 .192913E+02 -.647960E-01 -.647960E-01 -.647960E-01  .574650E-08  .402887E-02  .116812E-01 -.647960E-01
 .196810E+02 -.635129E-01 -.635129E-01 -.635129E-01  .392318E-08  .368113E-02  .113194E-01 -.635129E-01
 .200786E+02 -.622553E-01 -.622553E-01 -.622553E-01  .265832E-08  .335632E-02  .109559E-01 -.622553E-01
 .204842E+02 -.610225E-01 -.610225E-01 -.610225E-01  .178750E-08  .305362E-02  .105914E-01 -.610225E-01
 .208980E+02 -.598142E-01 -.598142E-01 -.598142E-01  .119258E-08  .277218E-02  .102265E-01 -.598142E-01
 .213202E+02 -.586298E-01 -.586298E-01 -.586298E-01  .789343E-09  .251113E-02  .986204E-02 -.586298E-01
 .217509E+02 -.574688E-01 -.574688E-01 -.574688E-01  .518218E-09  .226955E-02  .949867E-02 -.574688E-01
 .221903E+02 -.563309E-01 -.563309E-01 -.563309E-01  .337409E-09  .204653E-02  .913706E-02 -.563309E-01
 .226386E+02 -.552154E-01 -.552154E-01 -.552154E-01  .217836E-09  .184114E-02  .877784E-02 -.552154E-01
 .230959E+02 -.541221E-01 -.541221E-01 -.541221E-01  .139430E-09  .165244E-02  .842163E-02 -.541221E-01
 .235625E+02 -.530504E-01 -.530504E-01 -.530504E-01  .884651E-10  .147951E-02  .806902E-02 -.530504E-01
 .240385E+02 -.519999E-01 -.519999E-01 -.519999E-01  .556299E-10  .132143E-02  .772057E-02 -.519999E-01
 .245241E+02 -.509703E-01 -.509703E-01 -.509703E-01  .344980E-10  .117729E-02  .737683E-02 -.509703E-01
 .250195E+02 -.499610E-01 -.499610E-01 -.499610E-01  .000000E+00  .104619E-02  .703832E-02 -.499610E-01
 .255250E+02 -.489717E-01 -.489717E-01 -.489717E-01  .000000E+00  .927282E-03  .670554E-02 -.489717E-01
 .260406E+02 -.480020E-01 -.480020E-01 -.480020E-01  .000000E+00  .819705E-03  .637895E-02 -.480020E-01
 .265667E+02 -.470515E-01 -.470515E-01 -.470515E-01  .000000E+00  .722649E-03  .605900E-02 -.470515E-01
 .271033E+02 -.461198E-01 -.461198E-01 -.461198E-01  .000000E+00  .635326E-03  .574611E-02 -.461198E-01
 .276509E+02 -.452065E-01 -.452065E-01 -.452065E-01  .000000E+00  .556982E-03  .544068E-02 -.452065E-01
 .282095E+02 -.443114E-01 -.443114E-01 -.443114E-01  .000000E+00  .486896E-03  .514309E-02 -.443114E-01
 .287793E+02 -.434339E-01 -.434339E-01 -.434339E-01  .000000E+00  .424381E-03  .485366E-02 -.434339E-01
 .293607E+02 -.425739E-01 -.425739E-01 -.425739E-01  .000000E+00  .368785E-03  .457272E-02 -.425739E-01
 .299538E+02 -.417309E-01 -.417309E-01 -.417309E-01  .000000E+00  .319494E-03  .430054E-02 -.417309E-01
 .305590E+02 -.409045E-01 -.409045E-01 -.409045E-01  .000000E+00  .275929E-03  .403738E-02 -.409045E-01
 .311763E+02 -.400946E-01 -.400946E-01 -.400946E-01  .000000E+00  .237546E-03  .378345E-02 -.400946E-01
 .318061E+02 -.393006E-01 -.393006E-01 -.393006E-01  .000000E+00  .203840E-03  .353894E-02 -.393006E-01
 .324486E+02 -.385224E-01 -.385224E-01 -.385224E-01  .000000E+00  .174337E-03  .330400E-02 -.385224E-01
 .331041E+02 -.377596E-01 -.377596E-01 -.377596E-01  .000000E+00  .148602E-03  .307874E-02 -.377596E-01
 .337729E+02 -.370119E-01 -.370119E-01 -.370119E-01  .000000E+00  .126230E-03  .286324E-02 -.370119E-01
 .344552E+02 -.362790E-01 -.362790E-01 -.362790E-01  .000000E+00  .106850E-03  .265754E-02 -.362790E-01
 .351512E+02 -.355607E-01 -.355607E-01 -.355607E-01  .000000E+00  .901221E-04  .246163E-02 -.355607E-01
 .358613E+02 -.348565E-01 -.348565E-01 -.348565E-01  .000000E+00  .757363E-04  .227549E-02 -.348565E-01
 .365857E+02 -.341663E-01 -.341663E-01 -.341663E-01  .000000E+00  .634106E-04  .209905E-02 -.341663E-01
 .373248E+02 -.334898E-01 -.334898E-01 -.334898E-01  .000000E+00  .528902E-04  .193220E-02 -.334898E-01
 .380789E+02 -.328266E-01 -.328266E-01 -.328266E-01  .000000E+00  .439454E-04  .177481E-02 -.328266E-01
 .388481E+02 -.321766E-01 -.321766E-01 -.321766E-01  .000000E+00  .363702E-04  .162670E-02 -.321766E-01
 .396329E+02 -.315395E-01 -.315395E-01 -.315395E-01  .000000E+00  .299807E-04  .148768E-02 -.315395E-01
 .404335E+02 -.309149E-01 -.309149E-01 -.309149E-01  .000000E+00  .246133E-04  .135752E-02 -.309149E-01
 .412503E+02 -.303028E-01 -.303028E-01 -.303028E-01  .000000E+00  .201232E-04  .123597E-02 -.303028E-01
 .420837E+02 -.297027E-01 -.297027E-01 -.297027E-01  .000000E+00  .163830E-04  .112274E-02 -.297027E-01
 .429338E+02 -.291146E-01 -.291146E-01 -.291146E-01  .000000E+00  .132809E-04  .101755E-02 -.291146E-01
 .438011E+02 -.285381E-01 -.285381E-01 -.285381E-01  .000000E+00  .107193E-04  .920080E-03 -.285381E-01
 .446860E+02 -.279730E-01 -.279730E-01 -.279730E-01  .000000E+00  .861342E-05  .830006E-03 -.279730E-01
 .455887E+02 -.274191E-01 -.274191E-01 -.274191E-01  .000000E+00  .689007E-05  .746990E-03 -.274191E-01
 .465097E+02 -.268761E-01 -.268761E-01 -.268761E-01  .000000E+00  .548626E-05  .670684E-03 -.268761E-01
 .474492E+02 -.263440E-01 -.263440E-01 -.263440E-01  .000000E+00  .434811E-05  .600739E-03 -.263440E-01
 .484078E+02 -.258223E-01 -.258223E-01 -.258223E-01  .000000E+00  .342973E-05  .536799E-03 -.258223E-01
 .493857E+02 -.253110E-01 -.253110E-01 -.253110E-01  .000000E+00  .269229E-05  .478512E-03 -.253110E-01
 .503833E+02 -.248098E-01 -.248098E-01 -.248098E-01  .000000E+00  .210305E-05  .425526E-03 -.248098E-01
 .514011E+02 -.243185E-01 -.243185E-01 -.243185E-01  .000000E+00  .163458E-05  .377496E-03 -.243185E-01
 .524395E+02 -.238370E-01 -.238370E-01 -.238370E-01  .000000E+00  .126402E-05  .334082E-03 -.238370E-01
 .534989E+02 -.233650E-01 -.233650E-01 -.233650E-01  .000000E+00  .972433E-06  .294954E-03 -.233650E-01
 .545796E+02 -.229023E-01 -.229023E-01 -.229023E-01  .000000E+00  .744186E-06  .259794E-03 -.229023E-01
 .556822E+02 -.224488E-01 -.224488E-01 -.224488E-01  .000000E+00  .566477E-06  .228293E-03 -.224488E-01
 .568070E+02 -.220043E-01 -.220043E-01 -.220043E-01  .000000E+00  .428866E-06  .200158E-03 -.220043E-01
 .579546E+02 -.215686E-01 -.215686E-01 -.215686E-01  .000000E+00  .322895E-06  .175108E-03 -.215686E-01
 .591254E+02 -.211415E-01 -.211415E-01 -.211415E-01  .000000E+00  .241746E-06  .152879E-03 -.211415E-01
 .603198E+02 -.207229E-01 -.207229E-01 -.207229E-01  .000000E+00  .179961E-06  .133220E-03 -.207229E-01
 .615384E+02 -.203125E-01 -.203125E-01 -.203125E-01  .000000E+00  .133194E-06  .115898E-03 -.203125E-01
 .627815E+02 -.199103E-01 -.199103E-01 -.199103E-01  .000000E+00  .980026E-07  .100695E-03 -.199103E-01
 .640498E+02 -.195161E-01 -.195161E-01 -.195161E-01  .000000E+00  .716840E-07  .874102E-04 -.195161E-01
 .653437E+02 -.191296E-01 -.191296E-01 -.191296E-01  .000000E+00  .521236E-07  .758571E-04 -.191296E-01
 .666637E+02 -.187508E-01 -.187508E-01 -.187508E-01  .000000E+00  .376803E-07  .658667E-04 -.187508E-01
 .680104E+02 -.183795E-01 -.183795E-01 -.183795E-01  .000000E+00  .270885E-07  .572854E-04 -.183795E-01
 .693843E+02 -.180156E-01 -.180156E-01 -.180156E-01  .000000E+00  .193789E-07  .499752E-04 -.180156E-01
 .707860E+02 -.176589E-01 -.176589E-01 -.176589E-01  .000000E+00  .138154E-07  .438137E-04 -.176589E-01
 .722160E+02 -.173092E-01 -.173092E-01 -.173092E-01  .000000E+00  .984359E-08  .386936E-04 -.173092E-01
 .736748E+02 -.169665E-01 -.169665E-01 -.169665E-01  .000000E+00  .705097E-08  .345231E-04 -.169665E-01
 .751632E+02 -.166305E-01 -.166305E-01 -.166305E-01  .000000E+00  .513551E-08  .312255E-04 -.166305E-01
 .766816E+02 -.163012E-01 -.163012E-01 -.163012E-01  .000000E+00  .388213E-08  .287401E-04 -.163012E-01
 .782306E+02 -.159784E-01 -.159784E-01 -.159784E-01  .000000E+00  .314581E-08  .270226E-04 -.159784E-01
