 -4.88538466  -4.52329177  -3.99895684  -3.81353671  -3.44926487
 -3.08112316  -2.61026324  -2.05923390  -1.47911888  -0.79215021
 -0.09491316   0.69599394   0.97514791   0.97514791   1.30605364
  1.30605364   1.49555759   1.79897887   1.79897887   2.00859302
  2.00859303   2.31318528   2.31318529   2.35604443   2.62266524
  2.62266525   3.00539660   3.05617138   3.05617139   3.22889340
  3.33204742   3.55365835   3.55365835   3.75348439   3.97270374
  4.10103734   4.10103735   4.11966271   4.23256736   4.23536122
  4.54297957   4.55371541   4.74595982   4.74595984   4.93620058
  4.97827472   5.06466376   5.21498692   5.42400777   5.42400777
  5.44642722   5.45810516   5.77821462   5.93511308   6.14195789
  6.19393243   6.19393244   6.19671503   6.59126712   6.65816848
  6.69201181   6.91711035   7.00144611   7.00144611   7.25137634
  7.34015808   7.38906838   7.41809401   7.41809405   7.60056866
 *********************************
 total computation time (sec)=   68.9534540176392     
